# relative_time, cycles_done, cur_item, corpus_count, pending_total, pending_favs, map_size, saved_crashes, saved_hangs, max_depth, execs_per_sec, total_execs, edges_found, total_crashes, servers_count
18446744073709549, 0, 0, 6, 6, 1, 0.01%, 0, 0, 2, 0.00, 206, 8, 0, 0
61, 27, 8, 9, 0, 0, 0.02%, 0, 1, 2, 722.96, 41785, 10, 0, 0
66, 31, 8, 9, 0, 0, 0.02%, 0, 1, 2, 111.85, 45821, 10, 0, 0
71, 36, 8, 9, 0, 0, 0.02%, 0, 1, 2, 367.04, 51376, 10, 0, 0
76, 40, 5, 9, 0, 0, 0.02%, 0, 1, 2, 1207.73, 55213, 10, 0, 0
81, 43, 8, 9, 0, 0, 0.02%, 0, 1, 2, 366.46, 58172, 10, 0, 0
87, 47, 8, 9, 0, 0, 0.02%, 0, 1, 2, 112.07, 62872, 10, 0, 0
86, 49, 8, 9, 0, 0, 0.02%, 0, 1, 2, 0.00, 64685, 10, 0, 0
91, 53, 8, 9, 0, 0, 0.02%, 0, 1, 2, 132.30, 68143, 10, 0, 0
96, 56, 8, 9, 0, 0, 0.02%, 0, 1, 2, 132.84, 71583, 10, 0, 0
101, 59, 8, 9, 0, 0, 0.02%, 0, 1, 2, 173.00, 74977, 10, 0, 0
106, 63, 8, 9, 0, 0, 0.02%, 0, 1, 2, 120.94, 78675, 10, 0, 0
111, 66, 8, 9, 0, 0, 0.02%, 0, 1, 2, 181.25, 81977, 10, 0, 0
116, 69, 8, 9, 0, 0, 0.02%, 0, 1, 2, 1369.87, 84896, 10, 0, 0
115, 70, 1, 9, 0, 0, 0.02%, 0, 1, 2, 0.00, 85959, 10, 0, 0
120, 72, 8, 9, 0, 0, 0.02%, 0, 1, 2, 1052.88, 88505, 10, 0, 0
125, 75, 8, 9, 0, 0, 0.02%, 0, 1, 2, 1954.45, 91702, 10, 0, 0
131, 78, 8, 9, 0, 0, 0.02%, 0, 1, 2, 95.73, 94943, 10, 0, 0
136, 82, 4, 9, 0, 0, 0.02%, 0, 1, 2, 981.04, 98599, 10, 0, 0
141, 86, 8, 9, 0, 0, 0.02%, 0, 1, 2, 853.47, 102405, 10, 0, 0
146, 89, 4, 9, 0, 0, 0.02%, 0, 1, 2, 1449.08, 106071, 10, 0, 0
145, 90, 8, 9, 0, 0, 0.02%, 0, 1, 2, 0.00, 106700, 10, 0, 0
150, 93, 8, 9, 0, 0, 0.02%, 0, 1, 2, 120.55, 110278, 10, 0, 0
155, 98, 8, 9, 0, 0, 0.02%, 0, 1, 2, 184.40, 114683, 10, 0, 0
160, 100, 8, 9, 0, 0, 0.02%, 0, 1, 2, 433.02, 117475, 10, 0, 0
165, 104, 8, 9, 0, 0, 0.02%, 0, 1, 2, 230.64, 121043, 10, 0, 0
170, 106, 8, 9, 0, 0, 0.02%, 0, 1, 2, 416.24, 123184, 10, 0, 0
175, 110, 8, 9, 0, 0, 0.02%, 0, 1, 2, 907.77, 127620, 10, 0, 0
174, 110, 8, 9, 0, 0, 0.02%, 0, 1, 2, 0.00, 128168, 10, 0, 0
179, 113, 0, 9, 0, 0, 0.02%, 0, 1, 2, 1567.96, 130635, 10, 0, 0
184, 118, 4, 9, 0, 0, 0.02%, 0, 1, 2, 1193.45, 135933, 10, 0, 0
189, 121, 8, 9, 0, 0, 0.02%, 0, 1, 2, 103.26, 139317, 10, 0, 0
195, 124, 8, 9, 0, 0, 0.02%, 0, 1, 2, 115.29, 142359, 10, 0, 0
200, 127, 4, 9, 0, 0, 0.02%, 0, 1, 2, 1208.35, 145410, 10, 0, 0
205, 130, 8, 9, 0, 0, 0.02%, 0, 1, 2, 137.67, 148133, 10, 0, 0
203, 130, 1, 9, 0, 0, 0.02%, 0, 1, 2, 0.00, 148853, 10, 0, 0
209, 135, 1, 9, 0, 0, 0.02%, 0, 1, 2, 167.73, 153325, 10, 0, 0
214, 138, 8, 9, 0, 0, 0.02%, 0, 1, 2, 103.95, 156446, 10, 0, 0
219, 142, 8, 9, 0, 0, 0.02%, 0, 1, 2, 1036.28, 160657, 10, 0, 0
224, 144, 8, 9, 0, 0, 0.02%, 0, 1, 2, 133.62, 162886, 10, 0, 0
229, 147, 8, 9, 0, 0, 0.02%, 0, 1, 2, 687.78, 166193, 10, 0, 0
234, 151, 5, 9, 0, 0, 0.02%, 0, 1, 2, 871.56, 170408, 10, 0, 0
233, 152, 8, 9, 0, 0, 0.02%, 0, 1, 2, 0.00, 170955, 10, 0, 0
238, 156, 8, 9, 0, 0, 0.02%, 0, 1, 2, 714.20, 175115, 10, 0, 0
243, 158, 8, 9, 0, 0, 0.02%, 0, 1, 2, 100.38, 177130, 10, 0, 0
248, 160, 8, 9, 0, 0, 0.02%, 0, 1, 2, 1722.74, 179772, 10, 0, 0
254, 164, 8, 9, 0, 0, 0.02%, 0, 1, 2, 162.71, 183451, 10, 0, 0
259, 168, 8, 9, 0, 0, 0.02%, 0, 1, 2, 778.53, 187328, 10, 0, 0
264, 171, 0, 9, 0, 0, 0.02%, 0, 1, 2, 1818.98, 191259, 10, 0, 0
262, 173, 5, 9, 0, 0, 0.02%, 0, 1, 2, 0.00, 193121, 10, 0, 0
268, 178, 8, 9, 0, 0, 0.02%, 0, 1, 2, 142.86, 197840, 10, 0, 0
273, 181, 8, 9, 0, 0, 0.02%, 0, 1, 2, 817.61, 201297, 10, 0, 0
278, 185, 8, 9, 0, 0, 0.02%, 0, 1, 2, 132.86, 205158, 10, 0, 0
283, 189, 1, 9, 0, 0, 0.02%, 0, 1, 2, 385.00, 209487, 10, 0, 0
288, 194, 8, 9, 0, 0, 0.02%, 0, 1, 2, 266.51, 214537, 10, 0, 0
293, 197, 8, 9, 0, 0, 0.02%, 0, 1, 2, 1485.76, 217868, 10, 0, 0
292, 198, 8, 9, 0, 0, 0.02%, 0, 1, 2, 0.00, 218652, 10, 0, 0
297, 200, 8, 9, 0, 0, 0.02%, 0, 1, 2, 96.64, 221289, 10, 0, 0
302, 204, 8, 9, 0, 0, 0.02%, 0, 1, 2, 224.45, 225057, 10, 0, 0
307, 207, 8, 9, 0, 0, 0.02%, 0, 1, 2, 1499.68, 228067, 10, 0, 0
312, 211, 8, 9, 0, 0, 0.02%, 0, 1, 2, 1410.95, 232616, 10, 0, 0
318, 215, 8, 9, 0, 0, 0.02%, 0, 1, 2, 278.75, 236007, 10, 0, 0
323, 219, 8, 9, 0, 0, 0.02%, 0, 1, 2, 1529.91, 240868, 10, 0, 0
321, 220, 5, 9, 0, 0, 0.02%, 0, 1, 2, 0.00, 241462, 10, 0, 0
326, 224, 1, 9, 0, 0, 0.02%, 0, 1, 2, 1378.55, 245518, 10, 0, 0
331, 227, 8, 9, 0, 0, 0.02%, 0, 1, 2, 588.24, 249218, 10, 0, 0
336, 230, 8, 9, 0, 0, 0.02%, 0, 1, 2, 1101.60, 251859, 10, 0, 0
341, 234, 8, 9, 0, 0, 0.02%, 0, 1, 2, 789.62, 256411, 10, 0, 0
347, 237, 8, 9, 0, 0, 0.02%, 0, 1, 2, 1449.21, 259416, 10, 0, 0
352, 240, 8, 9, 0, 0, 0.02%, 0, 1, 2, 272.68, 262517, 10, 0, 0
350, 241, 8, 9, 0, 0, 0.02%, 0, 1, 2, 0.00, 263551, 10, 0, 0
355, 246, 5, 9, 0, 0, 0.02%, 0, 1, 2, 1041.17, 268892, 10, 0, 0
360, 250, 8, 9, 0, 0, 0.02%, 0, 1, 2, 185.06, 272254, 10, 0, 0
366, 253, 8, 9, 0, 0, 0.02%, 0, 1, 2, 84.41, 275386, 10, 0, 0
371, 257, 4, 9, 0, 0, 0.02%, 0, 1, 2, 947.49, 279521, 10, 0, 0
376, 259, 8, 9, 0, 0, 0.02%, 0, 1, 2, 160.28, 282359, 10, 0, 0
381, 263, 8, 9, 0, 0, 0.02%, 0, 1, 2, 175.42, 285893, 10, 0, 0
380, 264, 8, 9, 0, 0, 0.02%, 0, 1, 2, 0.00, 286945, 10, 0, 0
385, 267, 8, 9, 0, 0, 0.02%, 0, 1, 2, 423.64, 290693, 10, 0, 0
390, 271, 8, 9, 0, 0, 0.02%, 0, 1, 2, 1303.84, 294064, 10, 0, 0
395, 273, 5, 9, 0, 0, 0.02%, 0, 1, 2, 1700.00, 296124, 10, 0, 0
400, 276, 8, 9, 0, 0, 0.02%, 0, 1, 2, 426.26, 299368, 10, 0, 0
405, 280, 5, 9, 0, 0, 0.02%, 0, 1, 2, 1015.25, 303831, 10, 0, 0
410, 284, 4, 9, 0, 0, 0.02%, 0, 1, 2, 1349.28, 307536, 10, 0, 0
409, 284, 8, 9, 0, 0, 0.02%, 0, 1, 2, 0.00, 308374, 10, 0, 0
414, 288, 7, 9, 0, 0, 0.02%, 0, 1, 2, 1377.90, 312136, 10, 0, 0
419, 291, 7, 9, 0, 0, 0.02%, 0, 1, 2, 1052.49, 314847, 10, 0, 0
424, 294, 8, 9, 0, 0, 0.02%, 0, 1, 2, 103.23, 317735, 10, 0, 0
430, 296, 5, 9, 0, 0, 0.02%, 0, 1, 2, 209.58, 320644, 10, 0, 0
435, 299, 8, 9, 0, 0, 0.02%, 0, 1, 2, 83.33, 323423, 10, 0, 0
440, 303, 8, 9, 0, 0, 0.02%, 0, 1, 2, 977.38, 327652, 10, 0, 0
439, 305, 6, 9, 0, 0, 0.02%, 0, 1, 2, 0.00, 329934, 10, 0, 0
444, 309, 7, 9, 0, 0, 0.02%, 0, 1, 2, 1717.99, 333736, 10, 0, 0
449, 312, 8, 9, 0, 0, 0.02%, 0, 1, 2, 1104.40, 337060, 10, 0, 0
454, 315, 3, 9, 0, 0, 0.02%, 0, 1, 2, 956.75, 339775, 10, 0, 0
459, 319, 8, 9, 0, 0, 0.02%, 0, 1, 2, 1152.76, 343985, 10, 0, 0
464, 323, 0, 9, 0, 0, 0.02%, 0, 1, 2, 1788.76, 348348, 10, 0, 0
469, 327, 1, 9, 0, 0, 0.02%, 0, 1, 2, 882.36, 352571, 10, 0, 0
468, 328, 8, 9, 0, 0, 0.02%, 0, 1, 2, 0.00, 353135, 10, 0, 0
473, 332, 8, 9, 0, 0, 0.02%, 0, 1, 2, 1458.94, 356841, 10, 0, 0
478, 335, 8, 9, 0, 0, 0.02%, 0, 1, 2, 1303.79, 360815, 10, 0, 0
483, 339, 8, 9, 0, 0, 0.02%, 0, 1, 2, 452.72, 364407, 10, 0, 0
488, 341, 8, 9, 0, 0, 0.02%, 0, 1, 2, 127.82, 367035, 10, 0, 0
493, 344, 8, 9, 0, 0, 0.02%, 0, 1, 2, 177.60, 369252, 10, 0, 0
499, 348, 8, 9, 0, 0, 0.02%, 0, 1, 2, 115.12, 373757, 10, 0, 0
497, 349, 8, 9, 0, 0, 0.02%, 0, 1, 2, 0.00, 374594, 10, 0, 0
502, 352, 8, 9, 0, 0, 0.02%, 0, 1, 2, 699.96, 378250, 10, 0, 0
507, 355, 8, 9, 0, 0, 0.02%, 0, 1, 2, 454.82, 381144, 10, 0, 0
513, 357, 7, 9, 0, 0, 0.02%, 0, 1, 2, 125.20, 383845, 10, 0, 0
518, 361, 8, 9, 0, 0, 0.02%, 0, 1, 2, 982.27, 387950, 10, 0, 0
523, 364, 5, 9, 0, 0, 0.02%, 0, 1, 2, 1275.00, 390954, 10, 0, 0
528, 367, 8, 9, 0, 0, 0.02%, 0, 1, 2, 105.51, 393463, 10, 0, 0
527, 368, 8, 9, 0, 0, 0.02%, 0, 1, 2, 0.00, 395203, 10, 0, 0
532, 372, 1, 9, 0, 0, 0.02%, 0, 1, 2, 214.01, 398868, 10, 0, 0
537, 374, 8, 9, 0, 0, 0.02%, 0, 1, 2, 366.25, 400707, 10, 0, 0
542, 377, 7, 9, 0, 0, 0.02%, 0, 1, 2, 1530.00, 404574, 10, 0, 0
547, 381, 8, 9, 0, 0, 0.02%, 0, 1, 2, 573.88, 408759, 10, 0, 0
552, 385, 8, 9, 0, 0, 0.02%, 0, 1, 2, 659.19, 412200, 10, 0, 0
558, 388, 8, 9, 0, 0, 0.02%, 0, 1, 2, 241.53, 415774, 10, 0, 0
556, 389, 1, 9, 0, 0, 0.02%, 0, 1, 2, 0.00, 416662, 10, 0, 0
561, 392, 8, 9, 0, 0, 0.02%, 0, 1, 2, 136.36, 420027, 10, 0, 0
566, 397, 8, 9, 0, 0, 0.02%, 0, 1, 2, 1437.02, 424672, 10, 0, 0
572, 400, 8, 9, 0, 0, 0.02%, 0, 1, 2, 527.22, 427697, 10, 0, 0
577, 402, 4, 9, 0, 0, 0.02%, 0, 1, 2, 297.17, 429707, 10, 0, 0
582, 405, 8, 9, 0, 0, 0.02%, 0, 1, 2, 123.75, 433275, 10, 0, 0
587, 409, 8, 9, 0, 0, 0.02%, 0, 1, 2, 212.26, 437142, 10, 0, 0
585, 410, 8, 9, 0, 0, 0.02%, 0, 1, 2, 0.00, 437886, 10, 0, 0
590, 412, 8, 9, 0, 0, 0.02%, 0, 1, 2, 109.42, 440214, 10, 0, 0
596, 416, 8, 9, 0, 0, 0.02%, 0, 1, 2, 725.51, 444276, 10, 0, 0
601, 420, 8, 9, 0, 0, 0.02%, 0, 1, 2, 1100.42, 448293, 10, 0, 0
606, 424, 5, 9, 0, 0, 0.02%, 0, 1, 2, 1505.00, 452662, 10, 0, 0
611, 428, 5, 9, 0, 0, 0.02%, 0, 1, 2, 598.48, 456934, 10, 0, 0
616, 432, 5, 9, 0, 0, 0.02%, 0, 1, 2, 584.47, 460771, 10, 0, 0
615, 432, 8, 9, 0, 0, 0.02%, 0, 1, 2, 0.00, 461204, 10, 0, 0
615, 432, 8, 9, 0, 0, 0.02%, 0, 1, 2, 0.00, 461204, 10, 0, 0
