# relative_time, cycles_done, cur_item, corpus_count, pending_total, pending_favs, map_size, saved_crashes, saved_hangs, max_depth, execs_per_sec, total_execs, edges_found, total_crashes, servers_count
64, 73, 2, 27, 0, 0, 0.07%, 0, 0, 2, 3641.71, 232923, 46, 0, 0
69, 80, 2, 27, 0, 0, 0.07%, 0, 0, 2, 3499.86, 250349, 46, 0, 0
74, 87, 2, 27, 0, 0, 0.07%, 0, 0, 2, 3500.59, 268186, 46, 0, 0
79, 94, 26, 27, 0, 0, 0.07%, 0, 0, 2, 3565.82, 286533, 46, 0, 0
84, 102, 4, 27, 0, 0, 0.07%, 0, 0, 2, 3546.07, 304840, 46, 0, 0
84, 104, 23, 27, 0, 0, 0.07%, 0, 0, 2, 0.00, 310661, 46, 0, 0
89, 112, 21, 27, 0, 0, 0.07%, 0, 0, 2, 3547.89, 328940, 46, 0, 0
94, 119, 21, 27, 0, 0, 0.07%, 0, 0, 2, 3524.80, 347236, 46, 0, 0
99, 127, 19, 27, 0, 0, 0.07%, 0, 0, 2, 3561.49, 365658, 46, 0, 0
104, 134, 14, 27, 0, 0, 0.07%, 0, 0, 2, 3543.03, 384002, 46, 0, 0
110, 142, 15, 27, 0, 0, 0.07%, 0, 0, 2, 3530.28, 402393, 46, 0, 0
115, 150, 25, 27, 0, 0, 0.07%, 0, 0, 2, 3535.64, 420270, 46, 0, 0
114, 152, 20, 27, 0, 0, 0.07%, 0, 0, 2, 0.00, 424685, 46, 0, 0
119, 159, 22, 27, 0, 0, 0.07%, 0, 0, 2, 3486.07, 442634, 46, 0, 0
124, 166, 25, 27, 0, 0, 0.07%, 0, 0, 2, 3482.92, 460809, 46, 0, 0
129, 173, 2, 27, 0, 0, 0.07%, 0, 0, 2, 3439.97, 478020, 46, 0, 0
134, 181, 14, 27, 0, 0, 0.07%, 0, 0, 2, 3494.48, 496358, 46, 0, 0
139, 189, 15, 27, 0, 0, 0.07%, 0, 0, 2, 3482.45, 514602, 46, 0, 0
144, 196, 20, 27, 0, 0, 0.07%, 0, 0, 2, 3498.06, 532658, 46, 0, 0
144, 198, 20, 27, 0, 0, 0.07%, 0, 0, 2, 0.00, 537860, 46, 0, 0
149, 206, 8, 27, 0, 0, 0.07%, 0, 0, 2, 3537.86, 556396, 46, 0, 0
154, 213, 3, 27, 0, 0, 0.07%, 0, 0, 2, 3548.91, 574600, 46, 0, 0
159, 220, 20, 27, 0, 0, 0.07%, 0, 0, 2, 3510.94, 592221, 46, 0, 0
164, 228, 26, 27, 0, 0, 0.07%, 0, 0, 2, 3510.98, 610225, 46, 0, 0
169, 235, 2, 27, 0, 0, 0.07%, 0, 0, 2, 3493.81, 627671, 46, 0, 0
174, 242, 15, 27, 0, 0, 0.07%, 0, 0, 2, 3434.58, 645219, 46, 0, 0
174, 245, 6, 27, 0, 0, 0.07%, 0, 0, 2, 0.00, 650725, 46, 0, 0
179, 252, 7, 27, 0, 0, 0.07%, 0, 0, 2, 3587.88, 668925, 46, 0, 0
184, 259, 20, 27, 0, 0, 0.07%, 0, 0, 2, 3530.68, 686621, 46, 0, 0
189, 266, 25, 27, 0, 0, 0.07%, 0, 0, 2, 3452.25, 704614, 46, 0, 0
194, 273, 7, 27, 0, 0, 0.07%, 0, 0, 2, 3403.54, 721925, 46, 0, 0
199, 280, 0, 27, 0, 0, 0.07%, 0, 0, 2, 3377.44, 739262, 46, 0, 0
205, 287, 8, 27, 0, 0, 0.07%, 0, 0, 2, 3364.30, 756587, 46, 0, 0
204, 289, 7, 27, 0, 0, 0.07%, 0, 0, 2, 0.00, 761287, 46, 0, 0
209, 297, 15, 27, 0, 0, 0.07%, 0, 0, 2, 3361.04, 778637, 46, 0, 0
214, 303, 25, 27, 0, 0, 0.07%, 0, 0, 2, 3415.78, 796006, 46, 0, 0
219, 311, 8, 27, 0, 0, 0.07%, 0, 0, 2, 3357.99, 813409, 46, 0, 0
224, 318, 22, 27, 0, 0, 0.07%, 0, 0, 2, 3468.64, 831519, 46, 0, 0
230, 325, 15, 27, 0, 0, 0.07%, 0, 0, 2, 3464.14, 849444, 46, 0, 0
235, 333, 4, 27, 0, 0, 0.07%, 0, 0, 2, 3545.46, 867787, 46, 0, 0
234, 335, 26, 27, 0, 0, 0.07%, 0, 0, 2, 0.00, 872604, 46, 0, 0
239, 342, 2, 27, 0, 0, 0.07%, 0, 0, 2, 3554.92, 891101, 46, 0, 0
244, 349, 26, 27, 0, 0, 0.07%, 0, 0, 2, 3589.36, 909653, 46, 0, 0
249, 356, 19, 27, 0, 0, 0.07%, 0, 0, 2, 3487.32, 926929, 46, 0, 0
254, 363, 14, 27, 0, 0, 0.07%, 0, 0, 2, 3452.02, 944828, 46, 0, 0
259, 371, 20, 27, 0, 0, 0.07%, 0, 0, 2, 3469.96, 962234, 46, 0, 0
264, 378, 26, 27, 0, 0, 0.07%, 0, 0, 2, 3458.22, 980198, 46, 0, 0
264, 380, 22, 27, 0, 0, 0.07%, 0, 0, 2, 0.00, 985853, 46, 0, 0
269, 388, 22, 27, 0, 0, 0.07%, 0, 0, 2, 3527.31, 1003992, 46, 0, 0
274, 395, 7, 27, 0, 0, 0.07%, 0, 0, 2, 3500.23, 1022021, 46, 0, 0
279, 403, 26, 27, 0, 0, 0.07%, 0, 0, 2, 3494.97, 1040367, 46, 0, 0
285, 410, 15, 27, 0, 0, 0.07%, 0, 0, 2, 3523.83, 1058662, 46, 0, 0
290, 417, 18, 27, 0, 0, 0.07%, 0, 0, 2, 3491.37, 1076462, 46, 0, 0
295, 424, 11, 27, 0, 0, 0.07%, 0, 0, 2, 3423.69, 1094083, 46, 0, 0
294, 426, 20, 27, 0, 0, 0.07%, 0, 0, 2, 0.00, 1097878, 46, 0, 0
299, 433, 21, 27, 0, 0, 0.07%, 0, 0, 2, 3317.43, 1114983, 46, 0, 0
304, 439, 8, 27, 0, 0, 0.07%, 0, 0, 2, 3035.07, 1130481, 46, 0, 0
309, 446, 13, 27, 0, 0, 0.07%, 0, 0, 2, 3357.43, 1147743, 46, 0, 0
314, 454, 5, 27, 0, 0, 0.07%, 0, 0, 2, 3415.29, 1165020, 46, 0, 0
319, 461, 8, 27, 0, 0, 0.07%, 0, 0, 2, 3452.18, 1182258, 46, 0, 0
324, 468, 12, 27, 0, 0, 0.07%, 0, 0, 2, 3458.69, 1200214, 46, 0, 0
330, 474, 22, 27, 0, 0, 0.07%, 0, 0, 2, 2732.73, 1213399, 46, 0, 0
335, 480, 2, 27, 0, 0, 0.07%, 0, 0, 2, 3020.66, 1228740, 46, 0, 0
340, 487, 26, 27, 0, 0, 0.07%, 0, 0, 2, 3253.69, 1245871, 46, 0, 0
345, 494, 8, 27, 0, 0, 0.07%, 0, 0, 2, 3305.88, 1263448, 46, 0, 0
350, 500, 20, 27, 0, 0, 0.07%, 0, 0, 2, 3237.46, 1278956, 46, 0, 0
355, 506, 8, 27, 0, 0, 0.07%, 0, 0, 2, 3212.54, 1295006, 46, 0, 0
360, 512, 20, 27, 0, 0, 0.07%, 0, 0, 2, 2455.80, 1306982, 46, 0, 0
357, 513, 7, 27, 0, 0, 0.07%, 0, 0, 2, 0.00, 1310406, 46, 0, 0
362, 520, 12, 27, 0, 0, 0.07%, 0, 0, 2, 3012.32, 1326567, 46, 0, 0
367, 525, 15, 27, 0, 0, 0.07%, 0, 0, 2, 2575.00, 1339184, 46, 0, 0
372, 532, 2, 27, 0, 0, 0.07%, 0, 0, 2, 3024.41, 1354642, 46, 0, 0
377, 539, 22, 27, 0, 0, 0.07%, 0, 0, 2, 3342.59, 1372264, 46, 0, 0
383, 547, 18, 27, 0, 0, 0.07%, 0, 0, 2, 3400.07, 1389643, 46, 0, 0
388, 554, 5, 27, 0, 0, 0.07%, 0, 0, 2, 3390.83, 1407243, 46, 0, 0
387, 556, 18, 27, 0, 0, 0.07%, 0, 0, 2, 0.00, 1412034, 46, 0, 0
392, 564, 12, 27, 0, 0, 0.07%, 0, 0, 2, 3594.90, 1430316, 46, 0, 0
397, 571, 18, 27, 0, 0, 0.07%, 0, 0, 2, 3438.64, 1447912, 46, 0, 0
402, 578, 21, 27, 0, 0, 0.07%, 0, 0, 2, 3401.96, 1465523, 46, 0, 0
408, 586, 22, 27, 0, 0, 0.07%, 0, 0, 2, 3473.64, 1483437, 46, 0, 0
413, 593, 2, 27, 0, 0, 0.07%, 0, 0, 2, 3432.65, 1501254, 46, 0, 0
418, 601, 17, 27, 0, 0, 0.07%, 0, 0, 2, 3456.30, 1519311, 46, 0, 0
417, 603, 15, 27, 0, 0, 0.07%, 0, 0, 2, 0.00, 1523110, 46, 0, 0
422, 610, 16, 27, 0, 0, 0.07%, 0, 0, 2, 3293.00, 1539917, 46, 0, 0
427, 617, 17, 27, 0, 0, 0.07%, 0, 0, 2, 3354.70, 1557347, 46, 0, 0
433, 625, 26, 27, 0, 0, 0.07%, 0, 0, 2, 3374.49, 1574984, 46, 0, 0
438, 632, 2, 27, 0, 0, 0.07%, 0, 0, 2, 3336.39, 1592215, 46, 0, 0
443, 639, 21, 27, 0, 0, 0.07%, 0, 0, 2, 3386.10, 1609383, 46, 0, 0
448, 646, 10, 27, 0, 0, 0.07%, 0, 0, 2, 3361.17, 1626640, 46, 0, 0
447, 648, 25, 27, 0, 0, 0.07%, 0, 0, 2, 0.00, 1630915, 46, 0, 0
452, 655, 17, 27, 0, 0, 0.07%, 0, 0, 2, 3308.17, 1648181, 46, 0, 0
458, 662, 18, 27, 0, 0, 0.07%, 0, 0, 2, 3372.54, 1665682, 46, 0, 0
463, 668, 22, 27, 0, 0, 0.07%, 0, 0, 2, 3390.95, 1683144, 46, 0, 0
468, 676, 12, 27, 0, 0, 0.07%, 0, 0, 2, 3397.75, 1700785, 46, 0, 0
473, 683, 15, 27, 0, 0, 0.07%, 0, 0, 2, 3241.14, 1717390, 46, 0, 0
478, 689, 26, 27, 0, 0, 0.07%, 0, 0, 2, 3036.50, 1732436, 46, 0, 0
477, 691, 22, 27, 0, 0, 0.07%, 0, 0, 2, 0.00, 1736194, 46, 0, 0
482, 697, 14, 27, 0, 0, 0.07%, 0, 0, 2, 2840.74, 1750975, 46, 0, 0
487, 704, 2, 27, 0, 0, 0.07%, 0, 0, 2, 3243.22, 1768462, 46, 0, 0
493, 711, 20, 27, 0, 0, 0.07%, 0, 0, 2, 3026.41, 1783885, 46, 0, 0
498, 718, 17, 27, 0, 0, 0.07%, 0, 0, 2, 3099.31, 1799974, 46, 0, 0
503, 724, 16, 27, 0, 0, 0.07%, 0, 0, 2, 3269.73, 1816474, 46, 0, 0
508, 731, 6, 27, 0, 0, 0.07%, 0, 0, 2, 3180.89, 1832149, 46, 0, 0
513, 737, 14, 27, 0, 0, 0.07%, 0, 0, 2, 3153.43, 1848188, 46, 0, 0
518, 744, 20, 27, 0, 0, 0.07%, 0, 0, 2, 3232.82, 1864639, 46, 0, 0
523, 751, 16, 27, 0, 0, 0.07%, 0, 0, 2, 3204.49, 1880924, 46, 0, 0
521, 753, 19, 27, 0, 0, 0.07%, 0, 0, 2, 0.00, 1885489, 46, 0, 0
527, 761, 8, 27, 0, 0, 0.07%, 0, 0, 2, 3380.84, 1902809, 46, 0, 0
532, 769, 12, 27, 0, 0, 0.07%, 0, 0, 2, 3459.53, 1921005, 46, 0, 0
537, 776, 10, 27, 0, 0, 0.07%, 0, 0, 2, 3323.70, 1938286, 46, 0, 0
542, 783, 12, 27, 0, 0, 0.07%, 0, 0, 2, 3382.63, 1955879, 46, 0, 0
547, 791, 25, 27, 0, 0, 0.07%, 0, 0, 2, 3303.19, 1973244, 46, 0, 0
552, 798, 25, 27, 0, 0, 0.07%, 0, 0, 2, 3261.19, 1989539, 46, 0, 0
551, 800, 20, 27, 0, 0, 0.07%, 0, 0, 2, 0.00, 1994164, 46, 0, 0
557, 807, 2, 27, 0, 0, 0.07%, 0, 0, 2, 3310.85, 2011365, 46, 0, 0
557, 808, 5, 27, 0, 0, 0.07%, 0, 0, 2, 3297.98, 2013513, 46, 0, 0
