# relative_time, cycles_done, cur_item, corpus_count, pending_total, pending_favs, map_size, saved_crashes, saved_hangs, max_depth, execs_per_sec, total_execs, edges_found, total_crashes, servers_count
61, 69, 25, 27, 0, 0, 0.07%, 0, 0, 2, 3314.63, 215191, 46, 0, 0
66, 77, 10, 27, 0, 0, 0.07%, 0, 0, 2, 3294.59, 232041, 46, 0, 0
71, 84, 0, 27, 0, 0, 0.07%, 0, 0, 2, 3223.73, 247941, 46, 0, 0
76, 94, 9, 27, 0, 0, 0.07%, 0, 0, 2, 3284.38, 271597, 46, 0, 0
81, 101, 9, 27, 0, 0, 0.07%, 0, 0, 2, 3252.87, 287806, 46, 0, 0
86, 108, 13, 27, 0, 0, 0.07%, 0, 0, 2, 3209.74, 304541, 46, 0, 0
91, 115, 9, 27, 0, 0, 0.07%, 0, 0, 2, 3196.75, 320568, 46, 0, 0
96, 121, 26, 27, 0, 0, 0.07%, 0, 0, 2, 3116.03, 336566, 46, 0, 0
101, 129, 0, 27, 0, 0, 0.07%, 0, 0, 2, 3233.83, 352941, 46, 0, 0
106, 139, 9, 27, 0, 0, 0.07%, 0, 0, 2, 3258.88, 376672, 46, 0, 0
111, 146, 16, 27, 0, 0, 0.07%, 0, 0, 2, 3273.38, 393566, 46, 0, 0
117, 153, 14, 27, 0, 0, 0.07%, 0, 0, 2, 3147.25, 409818, 46, 0, 0
122, 160, 6, 27, 0, 0, 0.07%, 0, 0, 2, 3113.07, 425341, 46, 0, 0
127, 166, 25, 27, 0, 0, 0.07%, 0, 0, 2, 3114.69, 441354, 46, 0, 0
132, 173, 23, 27, 0, 0, 0.07%, 0, 0, 2, 3181.15, 457393, 46, 0, 0
132, 176, 20, 27, 0, 0, 0.07%, 0, 0, 2, 0.00, 463930, 46, 0, 0
137, 183, 21, 27, 0, 0, 0.07%, 0, 0, 2, 3235.73, 480495, 46, 0, 0
142, 190, 24, 27, 0, 0, 0.07%, 0, 0, 2, 3218.61, 497220, 46, 0, 0
147, 197, 26, 27, 0, 0, 0.07%, 0, 0, 2, 3180.01, 513716, 46, 0, 0
152, 204, 25, 27, 0, 0, 0.07%, 0, 0, 2, 3168.02, 530079, 46, 0, 0
157, 211, 12, 27, 0, 0, 0.07%, 0, 0, 2, 2917.54, 544766, 46, 0, 0
162, 217, 23, 27, 0, 0, 0.07%, 0, 0, 2, 3067.60, 560091, 46, 0, 0
162, 219, 24, 27, 0, 0, 0.07%, 0, 0, 2, 0.00, 564864, 46, 0, 0
167, 226, 23, 27, 0, 0, 0.07%, 0, 0, 2, 3099.69, 581016, 46, 0, 0
172, 233, 23, 27, 0, 0, 0.07%, 0, 0, 2, 3106.59, 597264, 46, 0, 0
177, 240, 19, 27, 0, 0, 0.07%, 0, 0, 2, 3152.57, 613166, 46, 0, 0
182, 247, 12, 27, 0, 0, 0.07%, 0, 0, 2, 3116.95, 628841, 46, 0, 0
187, 253, 25, 27, 0, 0, 0.07%, 0, 0, 2, 3112.95, 644379, 46, 0, 0
192, 260, 19, 27, 0, 0, 0.07%, 0, 0, 2, 3109.30, 659966, 46, 0, 0
192, 262, 26, 27, 0, 0, 0.07%, 0, 0, 2, 0.00, 665591, 46, 0, 0
197, 269, 23, 27, 0, 0, 0.07%, 0, 0, 2, 3184.58, 681506, 46, 0, 0
202, 276, 20, 27, 0, 0, 0.07%, 0, 0, 2, 3208.69, 697556, 46, 0, 0
207, 283, 20, 27, 0, 0, 0.07%, 0, 0, 2, 3148.00, 713916, 46, 0, 0
212, 290, 13, 27, 0, 0, 0.07%, 0, 0, 2, 3092.70, 729416, 46, 0, 0
217, 297, 9, 27, 0, 0, 0.07%, 0, 0, 2, 3124.88, 745516, 46, 0, 0
222, 304, 9, 27, 0, 0, 0.07%, 0, 0, 2, 3125.52, 761791, 46, 0, 0
222, 306, 17, 27, 0, 0, 0.07%, 0, 0, 2, 0.00, 767130, 46, 0, 0
227, 313, 12, 27, 0, 0, 0.07%, 0, 0, 2, 3179.45, 782930, 46, 0, 0
232, 320, 12, 27, 0, 0, 0.07%, 0, 0, 2, 3174.99, 799355, 46, 0, 0
237, 327, 6, 27, 0, 0, 0.07%, 0, 0, 2, 3077.55, 815191, 46, 0, 0
242, 333, 23, 27, 0, 0, 0.07%, 0, 0, 2, 3056.33, 830903, 46, 0, 0
247, 340, 21, 27, 0, 0, 0.07%, 0, 0, 2, 3125.70, 847091, 46, 0, 0
252, 347, 19, 27, 0, 0, 0.07%, 0, 0, 2, 3147.27, 863293, 46, 0, 0
252, 349, 20, 27, 0, 0, 0.07%, 0, 0, 2, 0.00, 868030, 46, 0, 0
257, 356, 22, 27, 0, 0, 0.07%, 0, 0, 2, 3221.46, 884745, 46, 0, 0
262, 363, 22, 27, 0, 0, 0.07%, 0, 0, 2, 3128.89, 900954, 46, 0, 0
267, 370, 16, 27, 0, 0, 0.07%, 0, 0, 2, 3015.55, 916541, 46, 0, 0
272, 377, 8, 27, 0, 0, 0.07%, 0, 0, 2, 3023.21, 932112, 46, 0, 0
277, 383, 26, 27, 0, 0, 0.07%, 0, 0, 2, 3095.31, 948116, 46, 0, 0
282, 390, 22, 27, 0, 0, 0.07%, 0, 0, 2, 3129.45, 963804, 46, 0, 0
281, 392, 22, 27, 0, 0, 0.07%, 0, 0, 2, 0.00, 968454, 46, 0, 0
287, 399, 22, 27, 0, 0, 0.07%, 0, 0, 2, 3216.22, 984881, 46, 0, 0
292, 406, 24, 27, 0, 0, 0.07%, 0, 0, 2, 3241.72, 1001520, 46, 0, 0
297, 413, 21, 27, 0, 0, 0.07%, 0, 0, 2, 3115.60, 1017279, 46, 0, 0
302, 420, 18, 27, 0, 0, 0.07%, 0, 0, 2, 3100.83, 1033416, 46, 0, 0
307, 426, 24, 27, 0, 0, 0.07%, 0, 0, 2, 2993.58, 1048176, 46, 0, 0
312, 433, 19, 27, 0, 0, 0.07%, 0, 0, 2, 3043.45, 1063912, 46, 0, 0
311, 435, 18, 27, 0, 0, 0.07%, 0, 0, 2, 0.00, 1068441, 46, 0, 0
317, 442, 19, 27, 0, 0, 0.07%, 0, 0, 2, 3191.14, 1084930, 46, 0, 0
322, 449, 19, 27, 0, 0, 0.07%, 0, 0, 2, 3155.33, 1101430, 46, 0, 0
327, 456, 14, 27, 0, 0, 0.07%, 0, 0, 2, 3106.76, 1117291, 46, 0, 0
332, 463, 7, 27, 0, 0, 0.07%, 0, 0, 2, 3130.05, 1132916, 46, 0, 0
337, 469, 22, 27, 0, 0, 0.07%, 0, 0, 2, 3116.70, 1148516, 46, 0, 0
342, 476, 17, 27, 0, 0, 0.07%, 0, 0, 2, 3146.57, 1164166, 46, 0, 0
341, 478, 22, 27, 0, 0, 0.07%, 0, 0, 2, 0.00, 1169379, 46, 0, 0
346, 485, 15, 27, 0, 0, 0.07%, 0, 0, 2, 3115.41, 1184991, 46, 0, 0
352, 492, 17, 27, 0, 0, 0.07%, 0, 0, 2, 3149.03, 1201441, 46, 0, 0
357, 499, 19, 27, 0, 0, 0.07%, 0, 0, 2, 3179.27, 1218043, 46, 0, 0
362, 506, 18, 27, 0, 0, 0.07%, 0, 0, 2, 3115.88, 1234229, 46, 0, 0
367, 513, 13, 27, 0, 0, 0.07%, 0, 0, 2, 3143.90, 1250054, 46, 0, 0
372, 520, 17, 27, 0, 0, 0.07%, 0, 0, 2, 3209.67, 1266781, 46, 0, 0
371, 522, 15, 27, 0, 0, 0.07%, 0, 0, 2, 0.00, 1271281, 46, 0, 0
376, 528, 26, 27, 0, 0, 0.07%, 0, 0, 2, 3079.64, 1286703, 46, 0, 0
382, 535, 22, 27, 0, 0, 0.07%, 0, 0, 2, 3123.93, 1302504, 46, 0, 0
387, 542, 17, 27, 0, 0, 0.07%, 0, 0, 2, 3049.92, 1318241, 46, 0, 0
392, 549, 12, 27, 0, 0, 0.07%, 0, 0, 2, 3114.99, 1333879, 46, 0, 0
397, 555, 26, 27, 0, 0, 0.07%, 0, 0, 2, 3131.86, 1349591, 46, 0, 0
402, 562, 22, 27, 0, 0, 0.07%, 0, 0, 2, 3126.18, 1365279, 46, 0, 0
401, 565, 16, 27, 0, 0, 0.07%, 0, 0, 2, 0.00, 1371641, 46, 0, 0
406, 572, 9, 27, 0, 0, 0.07%, 0, 0, 2, 3071.08, 1387228, 46, 0, 0
412, 579, 9, 27, 0, 0, 0.07%, 0, 0, 2, 3120.45, 1403566, 46, 0, 0
417, 585, 25, 27, 0, 0, 0.07%, 0, 0, 2, 3131.73, 1419316, 46, 0, 0
422, 592, 18, 27, 0, 0, 0.07%, 0, 0, 2, 3087.04, 1434666, 46, 0, 0
427, 599, 16, 27, 0, 0, 0.07%, 0, 0, 2, 3096.21, 1450691, 46, 0, 0
432, 606, 13, 27, 0, 0, 0.07%, 0, 0, 2, 3149.78, 1466579, 46, 0, 0
431, 608, 21, 27, 0, 0, 0.07%, 0, 0, 2, 0.00, 1472218, 46, 0, 0
436, 615, 13, 27, 0, 0, 0.07%, 0, 0, 2, 3091.49, 1487653, 46, 0, 0
442, 622, 12, 27, 0, 0, 0.07%, 0, 0, 2, 3128.16, 1503866, 46, 0, 0
447, 629, 12, 27, 0, 0, 0.07%, 0, 0, 2, 3157.21, 1520255, 46, 0, 0
452, 636, 9, 27, 0, 0, 0.07%, 0, 0, 2, 3123.82, 1536391, 46, 0, 0
457, 643, 8, 27, 0, 0, 0.07%, 0, 0, 2, 3117.61, 1552516, 46, 0, 0
462, 650, 7, 27, 0, 0, 0.07%, 0, 0, 2, 3121.89, 1568741, 46, 0, 0
461, 651, 22, 27, 0, 0, 0.07%, 0, 0, 2, 0.00, 1572592, 46, 0, 0
467, 658, 19, 27, 0, 0, 0.07%, 0, 0, 2, 3067.79, 1588553, 46, 0, 0
472, 665, 15, 27, 0, 0, 0.07%, 0, 0, 2, 3145.18, 1604429, 46, 0, 0
477, 672, 15, 27, 0, 0, 0.07%, 0, 0, 2, 3143.62, 1620816, 46, 0, 0
482, 679, 12, 27, 0, 0, 0.07%, 0, 0, 2, 3101.97, 1636766, 46, 0, 0
487, 685, 24, 27, 0, 0, 0.07%, 0, 0, 2, 3062.27, 1652154, 46, 0, 0
492, 692, 18, 27, 0, 0, 0.07%, 0, 0, 2, 3116.68, 1667729, 46, 0, 0
491, 694, 22, 27, 0, 0, 0.07%, 0, 0, 2, 0.00, 1672941, 46, 0, 0
496, 701, 20, 27, 0, 0, 0.07%, 0, 0, 2, 3108.78, 1688904, 46, 0, 0
502, 708, 19, 27, 0, 0, 0.07%, 0, 0, 2, 3113.82, 1705091, 46, 0, 0
507, 715, 11, 27, 0, 0, 0.07%, 0, 0, 2, 3077.84, 1720516, 46, 0, 0
512, 721, 26, 27, 0, 0, 0.07%, 0, 0, 2, 3078.05, 1736291, 46, 0, 0
517, 728, 23, 27, 0, 0, 0.07%, 0, 0, 2, 3137.31, 1752130, 46, 0, 0
522, 735, 23, 27, 0, 0, 0.07%, 0, 0, 2, 3137.89, 1768468, 46, 0, 0
522, 738, 22, 27, 0, 0, 0.07%, 0, 0, 2, 0.00, 1775229, 46, 0, 0
527, 745, 21, 27, 0, 0, 0.07%, 0, 0, 2, 3139.83, 1791429, 46, 0, 0
532, 752, 19, 27, 0, 0, 0.07%, 0, 0, 2, 3118.15, 1807691, 46, 0, 0
537, 759, 15, 27, 0, 0, 0.07%, 0, 0, 2, 3137.56, 1823504, 46, 0, 0
542, 766, 9, 27, 0, 0, 0.07%, 0, 0, 2, 3101.37, 1839314, 46, 0, 0
548, 773, 8, 27, 0, 0, 0.07%, 0, 0, 2, 3130.73, 1855466, 46, 0, 0
553, 780, 9, 27, 0, 0, 0.07%, 0, 0, 2, 3164.34, 1871943, 46, 0, 0
552, 781, 22, 27, 0, 0, 0.07%, 0, 0, 2, 0.00, 1875643, 46, 0, 0
557, 788, 15, 27, 0, 0, 0.07%, 0, 0, 2, 3118.95, 1891116, 46, 0, 0
562, 795, 8, 27, 0, 0, 0.07%, 0, 0, 2, 3079.68, 1906691, 46, 0, 0
567, 801, 21, 27, 0, 0, 0.07%, 0, 0, 2, 3077.60, 1922139, 46, 0, 0
572, 808, 17, 27, 0, 0, 0.07%, 0, 0, 2, 3034.92, 1937937, 46, 0, 0
577, 815, 14, 27, 0, 0, 0.07%, 0, 0, 2, 3071.93, 1953853, 46, 0, 0
582, 822, 13, 27, 0, 0, 0.07%, 0, 0, 2, 3194.37, 1969980, 46, 0, 0
582, 824, 22, 27, 0, 0, 0.07%, 0, 0, 2, 0.00, 1975768, 46, 0, 0
587, 831, 22, 27, 0, 0, 0.07%, 0, 0, 2, 3087.74, 1992114, 46, 0, 0
592, 838, 19, 27, 0, 0, 0.07%, 0, 0, 2, 3138.05, 2007955, 46, 0, 0
597, 845, 14, 27, 0, 0, 0.07%, 0, 0, 2, 3055.95, 2023739, 46, 0, 0
602, 852, 9, 27, 0, 0, 0.07%, 0, 0, 2, 3052.24, 2039564, 46, 0, 0
607, 858, 25, 27, 0, 0, 0.07%, 0, 0, 2, 3022.61, 2055316, 46, 0, 0
613, 865, 23, 27, 0, 0, 0.07%, 0, 0, 2, 3105.02, 2071389, 46, 0, 0
612, 867, 19, 27, 0, 0, 0.07%, 0, 0, 2, 0.00, 2075516, 46, 0, 0
617, 874, 21, 27, 0, 0, 0.07%, 0, 0, 2, 3146.51, 2092016, 46, 0, 0
622, 881, 16, 27, 0, 0, 0.07%, 0, 0, 2, 3116.90, 2107691, 46, 0, 0
627, 888, 13, 27, 0, 0, 0.07%, 0, 0, 2, 3049.65, 2123578, 46, 0, 0
632, 895, 8, 27, 0, 0, 0.07%, 0, 0, 2, 3048.03, 2139402, 46, 0, 0
637, 901, 21, 27, 0, 0, 0.07%, 0, 0, 2, 3052.43, 2154789, 46, 0, 0
642, 908, 21, 27, 0, 0, 0.07%, 0, 0, 2, 3107.99, 2171017, 46, 0, 0
642, 910, 18, 27, 0, 0, 0.07%, 0, 0, 2, 0.00, 2175441, 46, 0, 0
647, 917, 12, 27, 0, 0, 0.07%, 0, 0, 2, 3105.39, 2191053, 46, 0, 0
652, 924, 12, 27, 0, 0, 0.07%, 0, 0, 2, 3125.72, 2207329, 46, 0, 0
657, 931, 4, 27, 0, 0, 0.07%, 0, 0, 2, 3082.57, 2223092, 46, 0, 0
662, 937, 24, 27, 0, 0, 0.07%, 0, 0, 2, 3079.80, 2239116, 46, 0, 0
667, 944, 21, 27, 0, 0, 0.07%, 0, 0, 2, 3092.91, 2255064, 46, 0, 0
672, 951, 17, 27, 0, 0, 0.07%, 0, 0, 2, 3074.05, 2270864, 46, 0, 0
671, 953, 12, 27, 0, 0, 0.07%, 0, 0, 2, 0.00, 2274903, 46, 0, 0
676, 959, 24, 27, 0, 0, 0.07%, 0, 0, 2, 3110.88, 2290391, 46, 0, 0
682, 966, 22, 27, 0, 0, 0.07%, 0, 0, 2, 3108.13, 2306366, 46, 0, 0
687, 973, 22, 27, 0, 0, 0.07%, 0, 0, 2, 3109.74, 2322579, 46, 0, 0
692, 980, 15, 27, 0, 0, 0.07%, 0, 0, 2, 3047.72, 2338192, 46, 0, 0
697, 987, 12, 27, 0, 0, 0.07%, 0, 0, 2, 3084.04, 2354104, 46, 0, 0
698, 988, 23, 27, 0, 0, 0.07%, 0, 0, 2, 3175.66, 2357670, 46, 0, 0
