# relative_time, cycles_done, cur_item, corpus_count, pending_total, pending_favs, map_size, saved_crashes, saved_hangs, max_depth, execs_per_sec, total_execs, edges_found, total_crashes, servers_count
64, 762, 1, 2, 0, 0, 0.01%, 0, 0, 2, 2180.94, 152695, 4, 0, 0
69, 813, 1, 2, 0, 0, 0.01%, 0, 0, 2, 2040.49, 162951, 4, 0, 0
75, 872, 0, 2, 0, 0, 0.01%, 0, 0, 2, 2218.63, 174640, 4, 0, 0
80, 930, 0, 2, 0, 0, 0.01%, 0, 0, 2, 2286.57, 186197, 4, 0, 0
85, 987, 0, 2, 0, 0, 0.01%, 0, 0, 2, 2280.79, 197597, 4, 0, 0
84, 1007, 1, 2, 0, 0, 0.01%, 0, 0, 2, 0.00, 201697, 4, 0, 0
89, 1064, 1, 2, 0, 0, 0.01%, 0, 0, 2, 2142.92, 213136, 4, 0, 0
94, 1119, 1, 2, 0, 0, 0.01%, 0, 0, 2, 2181.90, 224151, 4, 0, 0
99, 1179, 0, 2, 0, 0, 0.01%, 0, 0, 2, 2259.19, 236042, 4, 0, 0
104, 1237, 0, 2, 0, 0, 0.01%, 0, 0, 2, 2303.43, 247642, 4, 0, 0
109, 1295, 0, 2, 0, 0, 0.01%, 0, 0, 2, 2277.46, 259197, 4, 0, 0
114, 1353, 0, 2, 0, 0, 0.01%, 0, 0, 2, 2310.38, 270798, 4, 0, 0
113, 1373, 0, 2, 0, 0, 0.01%, 0, 0, 2, 0.00, 274798, 4, 0, 0
118, 1430, 0, 2, 0, 0, 0.01%, 0, 0, 2, 2244.87, 286196, 4, 0, 0
123, 1487, 1, 2, 0, 0, 0.01%, 0, 0, 2, 2286.39, 297742, 4, 0, 0
128, 1546, 0, 2, 0, 0, 0.01%, 0, 0, 2, 2301.20, 309398, 4, 0, 0
133, 1606, 0, 2, 0, 0, 0.01%, 0, 0, 2, 2309.82, 321444, 4, 0, 0
138, 1664, 1, 2, 0, 0, 0.01%, 0, 0, 2, 2306.76, 333144, 4, 0, 0
143, 1723, 0, 2, 0, 0, 0.01%, 0, 0, 2, 2294.70, 344797, 4, 0, 0
142, 1744, 0, 2, 0, 0, 0.01%, 0, 0, 2, 0.00, 348998, 4, 0, 0
147, 1803, 1, 2, 0, 0, 0.01%, 0, 0, 2, 2305.66, 360898, 4, 0, 0
152, 1860, 1, 2, 0, 0, 0.01%, 0, 0, 2, 2274.19, 372342, 4, 0, 0
157, 1917, 1, 2, 0, 0, 0.01%, 0, 0, 2, 2279.26, 383751, 4, 0, 0
163, 1976, 0, 2, 0, 0, 0.01%, 0, 0, 2, 2298.68, 395444, 4, 0, 0
168, 2034, 0, 2, 0, 0, 0.01%, 0, 0, 2, 2294.21, 407042, 4, 0, 0
173, 2092, 0, 2, 0, 0, 0.01%, 0, 0, 2, 2299.90, 418597, 4, 0, 0
172, 2113, 1, 2, 0, 0, 0.01%, 0, 0, 2, 0.00, 422898, 4, 0, 0
177, 2173, 0, 2, 0, 0, 0.01%, 0, 0, 2, 2297.36, 434842, 4, 0, 0
182, 2234, 0, 2, 0, 0, 0.01%, 0, 0, 2, 2330.70, 446998, 4, 0, 0
187, 2293, 0, 2, 0, 0, 0.01%, 0, 0, 2, 2321.77, 458798, 4, 0, 0
192, 2351, 1, 2, 0, 0, 0.01%, 0, 0, 2, 2314.04, 470498, 4, 0, 0
197, 2409, 1, 2, 0, 0, 0.01%, 0, 0, 2, 2300.92, 482142, 4, 0, 0
202, 2468, 1, 2, 0, 0, 0.01%, 0, 0, 2, 2326.50, 493944, 4, 0, 0
201, 2486, 1, 2, 0, 0, 0.01%, 0, 0, 2, 0.00, 497544, 4, 0, 0
206, 2545, 0, 2, 0, 0, 0.01%, 0, 0, 2, 2345.38, 509244, 4, 0, 0
211, 2603, 1, 2, 0, 0, 0.01%, 0, 0, 2, 2322.10, 520898, 4, 0, 0
216, 2661, 1, 2, 0, 0, 0.01%, 0, 0, 2, 2314.01, 532544, 4, 0, 0
221, 2720, 0, 2, 0, 0, 0.01%, 0, 0, 2, 2304.66, 544197, 4, 0, 0
226, 2778, 0, 2, 0, 0, 0.01%, 0, 0, 2, 2301.72, 555851, 4, 0, 0
231, 2837, 1, 2, 0, 0, 0.01%, 0, 0, 2, 2305.29, 567698, 4, 0, 0
230, 2859, 0, 2, 0, 0, 0.01%, 0, 0, 2, 0.00, 572044, 4, 0, 0
235, 2918, 1, 2, 0, 0, 0.01%, 0, 0, 2, 2313.37, 583944, 4, 0, 0
240, 2979, 0, 2, 0, 0, 0.01%, 0, 0, 2, 2318.46, 595998, 4, 0, 0
245, 3035, 1, 2, 0, 0, 0.01%, 0, 0, 2, 2262.28, 607342, 4, 0, 0
250, 3093, 0, 2, 0, 0, 0.01%, 0, 0, 2, 2280.36, 618797, 4, 0, 0
255, 3151, 0, 2, 0, 0, 0.01%, 0, 0, 2, 2310.49, 630398, 4, 0, 0
261, 3208, 1, 2, 0, 0, 0.01%, 0, 0, 2, 2283.35, 641942, 4, 0, 0
260, 3231, 0, 2, 0, 0, 0.01%, 0, 0, 2, 0.00, 646442, 4, 0, 0
265, 3290, 0, 2, 0, 0, 0.01%, 0, 0, 2, 2350.14, 658199, 4, 0, 0
270, 3343, 0, 2, 0, 0, 0.01%, 0, 0, 2, 2159.11, 668794, 4, 0, 0
275, 3398, 1, 2, 0, 0, 0.01%, 0, 0, 2, 2149.97, 679938, 4, 0, 0
280, 3444, 0, 2, 0, 0, 0.01%, 0, 0, 2, 1902.28, 688989, 4, 0, 0
285, 3494, 0, 2, 0, 0, 0.01%, 0, 0, 2, 1912.70, 699026, 4, 0, 0
290, 3542, 0, 2, 0, 0, 0.01%, 0, 0, 2, 1850.93, 708626, 4, 0, 0
289, 3561, 1, 2, 0, 0, 0.01%, 0, 0, 2, 0.00, 712530, 4, 0, 0
294, 3617, 1, 2, 0, 0, 0.01%, 0, 0, 2, 2163.39, 723738, 4, 0, 0
299, 3672, 1, 2, 0, 0, 0.01%, 0, 0, 2, 2118.13, 734736, 4, 0, 0
304, 3728, 0, 2, 0, 0, 0.01%, 0, 0, 2, 2195.37, 745796, 4, 0, 0
309, 3783, 1, 2, 0, 0, 0.01%, 0, 0, 2, 2164.33, 756938, 4, 0, 0
314, 3839, 1, 2, 0, 0, 0.01%, 0, 0, 2, 2214.28, 768096, 4, 0, 0
319, 3899, 0, 2, 0, 0, 0.01%, 0, 0, 2, 2344.70, 779998, 4, 0, 0
318, 3917, 0, 2, 0, 0, 0.01%, 0, 0, 2, 0.00, 783644, 4, 0, 0
323, 3977, 1, 2, 0, 0, 0.01%, 0, 0, 2, 2341.67, 795751, 4, 0, 0
328, 4033, 1, 2, 0, 0, 0.01%, 0, 0, 2, 2282.84, 806897, 4, 0, 0
333, 4091, 1, 2, 0, 0, 0.01%, 0, 0, 2, 2316.94, 818544, 4, 0, 0
338, 4151, 1, 2, 0, 0, 0.01%, 0, 0, 2, 2341.61, 830498, 4, 0, 0
344, 4210, 0, 2, 0, 0, 0.01%, 0, 0, 2, 2249.03, 842240, 4, 0, 0
349, 4269, 0, 2, 0, 0, 0.01%, 0, 0, 2, 2266.87, 854042, 4, 0, 0
347, 4286, 1, 2, 0, 0, 0.01%, 0, 0, 2, 0.00, 857551, 4, 0, 0
352, 4345, 1, 2, 0, 0, 0.01%, 0, 0, 2, 2364.24, 869299, 4, 0, 0
357, 4404, 0, 2, 0, 0, 0.01%, 0, 0, 2, 2318.82, 880998, 4, 0, 0
362, 4458, 0, 2, 0, 0, 0.01%, 0, 0, 2, 2173.69, 891838, 4, 0, 0
367, 4508, 0, 2, 0, 0, 0.01%, 0, 0, 2, 2053.73, 901834, 4, 0, 0
373, 4560, 1, 2, 0, 0, 0.01%, 0, 0, 2, 2032.73, 912292, 4, 0, 0
378, 4617, 1, 2, 0, 0, 0.01%, 0, 0, 2, 2180.09, 923751, 4, 0, 0
377, 4637, 1, 2, 0, 0, 0.01%, 0, 0, 2, 0.00, 927695, 4, 0, 0
382, 4695, 1, 2, 0, 0, 0.01%, 0, 0, 2, 2183.72, 939295, 4, 0, 0
387, 4743, 1, 2, 0, 0, 0.01%, 0, 0, 2, 1985.87, 948930, 4, 0, 0
392, 4792, 0, 2, 0, 0, 0.01%, 0, 0, 2, 1983.19, 958630, 4, 0, 0
397, 4833, 0, 2, 0, 0, 0.01%, 0, 0, 2, 1748.51, 966851, 4, 0, 0
402, 4884, 1, 2, 0, 0, 0.01%, 0, 0, 2, 1983.21, 977130, 4, 0, 0
407, 4929, 0, 2, 0, 0, 0.01%, 0, 0, 2, 1845.03, 986024, 4, 0, 0
406, 4950, 1, 2, 0, 0, 0.01%, 0, 0, 2, 0.00, 990291, 4, 0, 0
411, 5006, 1, 2, 0, 0, 0.01%, 0, 0, 2, 2238.18, 1001551, 4, 0, 0
416, 5062, 0, 2, 0, 0, 0.01%, 0, 0, 2, 2165.35, 1012595, 4, 0, 0
421, 5122, 0, 2, 0, 0, 0.01%, 0, 0, 2, 2306.76, 1024642, 4, 0, 0
426, 5180, 0, 2, 0, 0, 0.01%, 0, 0, 2, 2278.62, 1036197, 4, 0, 0
432, 5238, 1, 2, 0, 0, 0.01%, 0, 0, 2, 2235.92, 1047951, 4, 0, 0
437, 5300, 1, 2, 0, 0, 0.01%, 0, 0, 2, 2382.10, 1060299, 4, 0, 0
435, 5319, 0, 2, 0, 0, 0.01%, 0, 0, 2, 0.00, 1064048, 4, 0, 0
441, 5382, 1, 2, 0, 0, 0.01%, 0, 0, 2, 2457.19, 1076750, 4, 0, 0
446, 5445, 1, 2, 0, 0, 0.01%, 0, 0, 2, 2439.44, 1089348, 4, 0, 0
451, 5497, 0, 2, 0, 0, 0.01%, 0, 0, 2, 2169.65, 1099595, 4, 0, 0
456, 5550, 1, 2, 0, 0, 0.01%, 0, 0, 2, 2120.53, 1110336, 4, 0, 0
461, 5596, 0, 2, 0, 0, 0.01%, 0, 0, 2, 1927.31, 1119429, 4, 0, 0
466, 5650, 1, 2, 0, 0, 0.01%, 0, 0, 2, 2119.98, 1130295, 4, 0, 0
465, 5668, 1, 2, 0, 0, 0.01%, 0, 0, 2, 0.00, 1133935, 4, 0, 0
470, 5725, 0, 2, 0, 0, 0.01%, 0, 0, 2, 2146.55, 1145195, 4, 0, 0
475, 5778, 1, 2, 0, 0, 0.01%, 0, 0, 2, 2134.39, 1155895, 4, 0, 0
480, 5830, 0, 2, 0, 0, 0.01%, 0, 0, 2, 2056.69, 1166194, 4, 0, 0
485, 5873, 0, 2, 0, 0, 0.01%, 0, 0, 2, 1690.23, 1174819, 4, 0, 0
490, 5934, 0, 2, 0, 0, 0.01%, 0, 0, 2, 2223.00, 1186997, 4, 0, 0
495, 5985, 1, 2, 0, 0, 0.01%, 0, 0, 2, 2006.86, 1197253, 4, 0, 0
494, 6003, 0, 2, 0, 0, 0.01%, 0, 0, 2, 0.00, 1200852, 4, 0, 0
499, 6051, 0, 2, 0, 0, 0.01%, 0, 0, 2, 1923.49, 1210392, 4, 0, 0
504, 6108, 1, 2, 0, 0, 0.01%, 0, 0, 2, 2264.44, 1221941, 4, 0, 0
509, 6169, 1, 2, 0, 0, 0.01%, 0, 0, 2, 2282.89, 1234098, 4, 0, 0
514, 6223, 0, 2, 0, 0, 0.01%, 0, 0, 2, 2214.91, 1244797, 4, 0, 0
520, 6272, 1, 2, 0, 0, 0.01%, 0, 0, 2, 1985.89, 1254752, 4, 0, 0
525, 6324, 1, 2, 0, 0, 0.01%, 0, 0, 2, 2049.68, 1265094, 4, 0, 0
523, 6341, 1, 2, 0, 0, 0.01%, 0, 0, 2, 0.00, 1268552, 4, 0, 0
528, 6393, 0, 2, 0, 0, 0.01%, 0, 0, 2, 2059.17, 1278852, 4, 0, 0
534, 6445, 1, 2, 0, 0, 0.01%, 0, 0, 2, 2040.58, 1289352, 4, 0, 0
539, 6508, 0, 2, 0, 0, 0.01%, 0, 0, 2, 2358.88, 1301847, 4, 0, 0
544, 6566, 0, 2, 0, 0, 0.01%, 0, 0, 2, 2254.01, 1313397, 4, 0, 0
549, 6621, 1, 2, 0, 0, 0.01%, 0, 0, 2, 2094.71, 1324495, 4, 0, 0
554, 6683, 1, 2, 0, 0, 0.01%, 0, 0, 2, 2364.78, 1336947, 4, 0, 0
553, 6700, 1, 2, 0, 0, 0.01%, 0, 0, 2, 0.00, 1340349, 4, 0, 0
558, 6759, 0, 2, 0, 0, 0.01%, 0, 0, 2, 2350.89, 1352000, 4, 0, 0
563, 6812, 1, 2, 0, 0, 0.01%, 0, 0, 2, 2219.33, 1362697, 4, 0, 0
568, 6861, 0, 2, 0, 0, 0.01%, 0, 0, 2, 2087.73, 1372394, 4, 0, 0
573, 6919, 0, 2, 0, 0, 0.01%, 0, 0, 2, 2229.17, 1384041, 4, 0, 0
578, 6973, 1, 2, 0, 0, 0.01%, 0, 0, 2, 2077.61, 1394895, 4, 0, 0
583, 7024, 0, 2, 0, 0, 0.01%, 0, 0, 2, 2073.00, 1405035, 4, 0, 0
582, 7042, 1, 2, 0, 0, 0.01%, 0, 0, 2, 0.00, 1408695, 4, 0, 0
587, 7091, 1, 2, 0, 0, 0.01%, 0, 0, 2, 1795.93, 1418527, 4, 0, 0
592, 7113, 1, 2, 0, 0, 0.01%, 0, 0, 2, 1045.05, 1422937, 4, 0, 0
597, 7139, 0, 2, 0, 0, 0.01%, 0, 0, 2, 1014.03, 1428013, 4, 0, 0
599, 7147, 2, 2, 0, 0, 0.01%, 0, 0, 2, 1011.10, 1429738, 4, 0, 0
