# relative_time, cycles_done, cur_item, corpus_count, pending_total, pending_favs, map_size, saved_crashes, saved_hangs, max_depth, execs_per_sec, total_execs, edges_found, total_crashes, servers_count
60, 292, 2, 5, 0, 0, 0.01%, 0, 0, 2, 3455.96, 227774, 7, 0, 0
65, 313, 3, 5, 0, 0, 0.01%, 0, 0, 2, 3320.98, 244545, 7, 0, 0
70, 334, 0, 5, 0, 0, 0.01%, 0, 0, 2, 3235.18, 261100, 7, 0, 0
75, 357, 3, 5, 0, 0, 0.01%, 0, 0, 2, 3348.32, 278745, 7, 0, 0
80, 378, 2, 5, 0, 0, 0.01%, 0, 0, 2, 3379.99, 295678, 7, 0, 0
85, 400, 0, 5, 0, 0, 0.01%, 0, 0, 2, 3340.85, 312327, 7, 0, 0
84, 408, 2, 5, 0, 0, 0.01%, 0, 0, 2, 0.00, 318095, 7, 0, 0
90, 430, 2, 5, 0, 0, 0.01%, 0, 0, 2, 3448.69, 335804, 7, 0, 0
95, 451, 0, 5, 0, 0, 0.01%, 0, 0, 2, 3435.56, 353154, 7, 0, 0
100, 474, 0, 5, 0, 0, 0.01%, 0, 0, 2, 3336.90, 370528, 7, 0, 0
105, 496, 0, 5, 0, 0, 0.01%, 0, 0, 2, 3374.15, 387935, 7, 0, 0
110, 518, 2, 5, 0, 0, 0.01%, 0, 0, 2, 3398.01, 405403, 7, 0, 0
115, 540, 2, 5, 0, 0, 0.01%, 0, 0, 2, 3378.25, 422853, 7, 0, 0
114, 546, 3, 5, 0, 0, 0.01%, 0, 0, 2, 0.00, 427445, 7, 0, 0
119, 568, 2, 5, 0, 0, 0.01%, 0, 0, 2, 3378.41, 445203, 7, 0, 0
125, 591, 2, 5, 0, 0, 0.01%, 0, 0, 2, 3432.73, 463047, 7, 0, 0
130, 613, 3, 5, 0, 0, 0.01%, 0, 0, 2, 3340.40, 479827, 7, 0, 0
135, 636, 4, 5, 0, 0, 0.01%, 0, 0, 2, 3350.24, 497378, 7, 0, 0
140, 656, 2, 5, 0, 0, 0.01%, 0, 0, 2, 3324.10, 513910, 7, 0, 0
145, 678, 2, 5, 0, 0, 0.01%, 0, 0, 2, 3329.43, 531160, 7, 0, 0
144, 685, 0, 5, 0, 0, 0.01%, 0, 0, 2, 0.00, 536003, 7, 0, 0
149, 706, 4, 5, 0, 0, 0.01%, 0, 0, 2, 3395.83, 552978, 7, 0, 0
154, 729, 3, 5, 0, 0, 0.01%, 0, 0, 2, 3391.53, 569935, 7, 0, 0
159, 749, 0, 5, 0, 0, 0.01%, 0, 0, 2, 3238.46, 586250, 7, 0, 0
164, 771, 4, 5, 0, 0, 0.01%, 0, 0, 2, 3280.85, 602751, 7, 0, 0
169, 792, 1, 5, 0, 0, 0.01%, 0, 0, 2, 3323.49, 619427, 7, 0, 0
174, 814, 4, 5, 0, 0, 0.01%, 0, 0, 2, 3287.00, 636585, 7, 0, 0
174, 822, 0, 5, 0, 0, 0.01%, 0, 0, 2, 0.00, 642322, 7, 0, 0
179, 843, 0, 5, 0, 0, 0.01%, 0, 0, 2, 3259.96, 658810, 7, 0, 0
184, 866, 2, 5, 0, 0, 0.01%, 0, 0, 2, 3311.20, 676027, 7, 0, 0
189, 888, 2, 5, 0, 0, 0.01%, 0, 0, 2, 3299.36, 693126, 7, 0, 0
194, 910, 0, 5, 0, 0, 0.01%, 0, 0, 2, 3310.48, 710377, 7, 0, 0
200, 932, 3, 5, 0, 0, 0.01%, 0, 0, 2, 3348.47, 727727, 7, 0, 0
205, 954, 3, 5, 0, 0, 0.01%, 0, 0, 2, 3323.74, 744852, 7, 0, 0
203, 960, 2, 5, 0, 0, 0.01%, 0, 0, 2, 0.00, 749143, 7, 0, 0
209, 982, 0, 5, 0, 0, 0.01%, 0, 0, 2, 3258.70, 765876, 7, 0, 0
214, 1003, 0, 5, 0, 0, 0.01%, 0, 0, 2, 3297.96, 783077, 7, 0, 0
219, 1025, 3, 5, 0, 0, 0.01%, 0, 0, 2, 3308.46, 800177, 7, 0, 0
224, 1047, 1, 5, 0, 0, 0.01%, 0, 0, 2, 3350.98, 817602, 7, 0, 0
229, 1070, 3, 5, 0, 0, 0.01%, 0, 0, 2, 3283.43, 834641, 7, 0, 0
234, 1090, 3, 5, 0, 0, 0.01%, 0, 0, 2, 3279.36, 851016, 7, 0, 0
233, 1097, 2, 5, 0, 0, 0.01%, 0, 0, 2, 0.00, 855676, 7, 0, 0
238, 1119, 2, 5, 0, 0, 0.01%, 0, 0, 2, 3360.35, 872928, 7, 0, 0
244, 1141, 3, 5, 0, 0, 0.01%, 0, 0, 2, 3332.85, 890252, 7, 0, 0
249, 1163, 2, 5, 0, 0, 0.01%, 0, 0, 2, 3323.04, 906927, 7, 0, 0
254, 1184, 2, 5, 0, 0, 0.01%, 0, 0, 2, 3292.94, 923426, 7, 0, 0
259, 1205, 3, 5, 0, 0, 0.01%, 0, 0, 2, 3295.45, 940491, 7, 0, 0
264, 1223, 2, 5, 0, 0, 0.01%, 0, 0, 2, 2807.67, 953921, 7, 0, 0
263, 1229, 0, 5, 0, 0, 0.01%, 0, 0, 2, 0.00, 959020, 7, 0, 0
268, 1250, 3, 5, 0, 0, 0.01%, 0, 0, 2, 3271.02, 976066, 7, 0, 0
273, 1271, 2, 5, 0, 0, 0.01%, 0, 0, 2, 3286.50, 992566, 7, 0, 0
278, 1293, 4, 5, 0, 0, 0.01%, 0, 0, 2, 3286.78, 1009785, 7, 0, 0
284, 1316, 0, 5, 0, 0, 0.01%, 0, 0, 2, 3289.13, 1026860, 7, 0, 0
289, 1337, 0, 5, 0, 0, 0.01%, 0, 0, 2, 3294.90, 1043976, 7, 0, 0
294, 1358, 3, 5, 0, 0, 0.01%, 0, 0, 2, 3268.96, 1060326, 7, 0, 0
293, 1364, 3, 5, 0, 0, 0.01%, 0, 0, 2, 0.00, 1065176, 7, 0, 0
298, 1386, 2, 5, 0, 0, 0.01%, 0, 0, 2, 3271.79, 1081766, 7, 0, 0
303, 1407, 2, 5, 0, 0, 0.01%, 0, 0, 2, 3301.25, 1098377, 7, 0, 0
308, 1428, 3, 5, 0, 0, 0.01%, 0, 0, 2, 3325.41, 1115143, 7, 0, 0
313, 1451, 2, 5, 0, 0, 0.01%, 0, 0, 2, 3365.29, 1132653, 7, 0, 0
318, 1473, 0, 5, 0, 0, 0.01%, 0, 0, 2, 3327.19, 1149927, 7, 0, 0
323, 1495, 3, 5, 0, 0, 0.01%, 0, 0, 2, 3333.97, 1166943, 7, 0, 0
322, 1502, 0, 5, 0, 0, 0.01%, 0, 0, 2, 0.00, 1172260, 7, 0, 0
328, 1525, 3, 5, 0, 0, 0.01%, 0, 0, 2, 3351.14, 1189528, 7, 0, 0
333, 1546, 4, 5, 0, 0, 0.01%, 0, 0, 2, 3314.82, 1206127, 7, 0, 0
338, 1569, 0, 5, 0, 0, 0.01%, 0, 0, 2, 3278.59, 1223026, 7, 0, 0
343, 1592, 2, 5, 0, 0, 0.01%, 0, 0, 2, 3289.82, 1240016, 7, 0, 0
348, 1613, 4, 5, 0, 0, 0.01%, 0, 0, 2, 3295.39, 1257035, 7, 0, 0
353, 1635, 2, 5, 0, 0, 0.01%, 0, 0, 2, 3300.02, 1274252, 7, 0, 0
352, 1641, 0, 5, 0, 0, 0.01%, 0, 0, 2, 0.00, 1278827, 7, 0, 0
357, 1664, 3, 5, 0, 0, 0.01%, 0, 0, 2, 3345.98, 1296160, 7, 0, 0
362, 1685, 2, 5, 0, 0, 0.01%, 0, 0, 2, 3330.63, 1312827, 7, 0, 0
367, 1707, 4, 5, 0, 0, 0.01%, 0, 0, 2, 3320.26, 1329427, 7, 0, 0
372, 1727, 0, 5, 0, 0, 0.01%, 0, 0, 2, 3270.54, 1345876, 7, 0, 0
378, 1749, 4, 5, 0, 0, 0.01%, 0, 0, 2, 3335.91, 1363235, 7, 0, 0
383, 1772, 2, 5, 0, 0, 0.01%, 0, 0, 2, 3334.49, 1380418, 7, 0, 0
382, 1778, 0, 5, 0, 0, 0.01%, 0, 0, 2, 0.00, 1385810, 7, 0, 0
387, 1800, 1, 5, 0, 0, 0.01%, 0, 0, 2, 3347.15, 1402602, 7, 0, 0
392, 1822, 3, 5, 0, 0, 0.01%, 0, 0, 2, 3347.68, 1420070, 7, 0, 0
397, 1845, 4, 5, 0, 0, 0.01%, 0, 0, 2, 3341.76, 1437477, 7, 0, 0
403, 1867, 3, 5, 0, 0, 0.01%, 0, 0, 2, 3303.61, 1454577, 7, 0, 0
408, 1889, 3, 5, 0, 0, 0.01%, 0, 0, 2, 3308.75, 1471302, 7, 0, 0
413, 1910, 2, 5, 0, 0, 0.01%, 0, 0, 2, 3303.32, 1487877, 7, 0, 0
412, 1917, 3, 5, 0, 0, 0.01%, 0, 0, 2, 0.00, 1493077, 7, 0, 0
417, 1940, 2, 5, 0, 0, 0.01%, 0, 0, 2, 3322.69, 1509777, 7, 0, 0
422, 1962, 2, 5, 0, 0, 0.01%, 0, 0, 2, 3316.99, 1526985, 7, 0, 0
427, 1984, 3, 5, 0, 0, 0.01%, 0, 0, 2, 3315.28, 1544202, 7, 0, 0
432, 2006, 1, 5, 0, 0, 0.01%, 0, 0, 2, 3334.29, 1561402, 7, 0, 0
437, 2028, 4, 5, 0, 0, 0.01%, 0, 0, 2, 3315.51, 1578452, 7, 0, 0
443, 2051, 0, 5, 0, 0, 0.01%, 0, 0, 2, 3338.07, 1595877, 7, 0, 0
441, 2056, 0, 5, 0, 0, 0.01%, 0, 0, 2, 0.00, 1600302, 7, 0, 0
447, 2079, 2, 5, 0, 0, 0.01%, 0, 0, 2, 3308.31, 1617502, 7, 0, 0
452, 2100, 0, 5, 0, 0, 0.01%, 0, 0, 2, 3303.24, 1634177, 7, 0, 0
457, 2123, 0, 5, 0, 0, 0.01%, 0, 0, 2, 3309.43, 1651377, 7, 0, 0
462, 2145, 2, 5, 0, 0, 0.01%, 0, 0, 2, 3320.82, 1668643, 7, 0, 0
467, 2166, 4, 5, 0, 0, 0.01%, 0, 0, 2, 3347.89, 1685410, 7, 0, 0
472, 2189, 1, 5, 0, 0, 0.01%, 0, 0, 2, 3363.60, 1702903, 7, 0, 0
471, 2195, 0, 5, 0, 0, 0.01%, 0, 0, 2, 0.00, 1707752, 7, 0, 0
476, 2218, 4, 5, 0, 0, 0.01%, 0, 0, 2, 3373.64, 1725278, 7, 0, 0
482, 2240, 3, 5, 0, 0, 0.01%, 0, 0, 2, 3389.07, 1742928, 7, 0, 0
487, 2263, 3, 5, 0, 0, 0.01%, 0, 0, 2, 3383.59, 1760395, 7, 0, 0
492, 2284, 0, 5, 0, 0, 0.01%, 0, 0, 2, 3365.05, 1777253, 7, 0, 0
497, 2306, 3, 5, 0, 0, 0.01%, 0, 0, 2, 3330.24, 1794568, 7, 0, 0
502, 2329, 4, 5, 0, 0, 0.01%, 0, 0, 2, 3331.68, 1811885, 7, 0, 0
501, 2334, 2, 5, 0, 0, 0.01%, 0, 0, 2, 0.00, 1816153, 7, 0, 0
506, 2356, 2, 5, 0, 0, 0.01%, 0, 0, 2, 3263.34, 1832901, 7, 0, 0
511, 2378, 2, 5, 0, 0, 0.01%, 0, 0, 2, 3297.42, 1849951, 7, 0, 0
516, 2399, 2, 5, 0, 0, 0.01%, 0, 0, 2, 3330.56, 1866677, 7, 0, 0
522, 2421, 2, 5, 0, 0, 0.01%, 0, 0, 2, 3334.32, 1883918, 7, 0, 0
527, 2443, 3, 5, 0, 0, 0.01%, 0, 0, 2, 3331.51, 1901152, 7, 0, 0
532, 2465, 3, 5, 0, 0, 0.01%, 0, 0, 2, 3305.92, 1917743, 7, 0, 0
531, 2470, 2, 5, 0, 0, 0.01%, 0, 0, 2, 0.00, 1922593, 7, 0, 0
536, 2493, 2, 5, 0, 0, 0.01%, 0, 0, 2, 3335.63, 1939843, 7, 0, 0
541, 2513, 0, 5, 0, 0, 0.01%, 0, 0, 2, 3306.51, 1956877, 7, 0, 0
546, 2535, 2, 5, 0, 0, 0.01%, 0, 0, 2, 3324.53, 1973493, 7, 0, 0
551, 2556, 3, 5, 0, 0, 0.01%, 0, 0, 2, 3300.47, 1990077, 7, 0, 0
554, 2567, 4, 5, 0, 0, 0.01%, 0, 0, 2, 3326.91, 1997889, 7, 0, 0
