# relative_time, cycles_done, cur_item, corpus_count, pending_total, pending_favs, map_size, saved_crashes, saved_hangs, max_depth, execs_per_sec, total_execs, edges_found, total_crashes, servers_count
61, 565, 1, 2, 0, 0, 0.00%, 0, 0, 1, 3563.35, 226401, 2, 0, 0
66, 613, 1, 2, 0, 0, 0.00%, 0, 0, 1, 3637.07, 245403, 2, 0, 0
71, 664, 1, 2, 0, 0, 0.00%, 0, 0, 1, 3452.62, 265930, 2, 0, 0
76, 708, 0, 2, 0, 0, 0.00%, 0, 0, 1, 3484.70, 283630, 2, 0, 0
81, 749, 1, 2, 0, 0, 0.00%, 0, 0, 1, 3322.95, 300030, 2, 0, 0
86, 780, 1, 2, 0, 0, 0.00%, 0, 0, 1, 2568.82, 312430, 2, 0, 0
91, 819, 0, 2, 0, 0, 0.00%, 0, 0, 1, 2984.30, 327830, 2, 0, 0
96, 861, 1, 2, 0, 0, 0.00%, 0, 0, 1, 3148.70, 344494, 2, 0, 0
101, 910, 1, 2, 0, 0, 0.00%, 0, 0, 1, 3361.43, 364230, 2, 0, 0
107, 955, 1, 2, 0, 0, 0.00%, 0, 0, 1, 3436.70, 382299, 2, 0, 0
112, 1000, 1, 2, 0, 0, 0.00%, 0, 0, 1, 3447.48, 400400, 2, 0, 0
117, 1043, 0, 2, 0, 0, 0.00%, 0, 0, 1, 3388.14, 417399, 2, 0, 0
122, 1085, 1, 2, 0, 0, 0.00%, 0, 0, 1, 3299.70, 434096, 2, 0, 0
127, 1128, 0, 2, 0, 0, 0.00%, 0, 0, 1, 3360.43, 451330, 2, 0, 0
132, 1178, 0, 2, 0, 0, 0.00%, 0, 0, 1, 3431.80, 471499, 2, 0, 0
137, 1224, 0, 2, 0, 0, 0.00%, 0, 0, 1, 3530.59, 489830, 2, 0, 0
143, 1270, 1, 2, 0, 0, 0.00%, 0, 0, 1, 3544.85, 508101, 2, 0, 0
148, 1316, 1, 2, 0, 0, 0.00%, 0, 0, 1, 3547.70, 526530, 2, 0, 0
153, 1362, 1, 2, 0, 0, 0.00%, 0, 0, 1, 3557.13, 545030, 2, 0, 0
158, 1407, 0, 2, 0, 0, 0.00%, 0, 0, 1, 3519.22, 563201, 2, 0, 0
163, 1460, 1, 2, 0, 0, 0.00%, 0, 0, 1, 3456.59, 584230, 2, 0, 0
169, 1503, 1, 2, 0, 0, 0.00%, 0, 0, 1, 3387.65, 601598, 2, 0, 0
174, 1549, 1, 2, 0, 0, 0.00%, 0, 0, 1, 3497.18, 619930, 2, 0, 0
179, 1595, 0, 2, 0, 0, 0.00%, 0, 0, 1, 3502.75, 638200, 2, 0, 0
184, 1639, 1, 2, 0, 0, 0.00%, 0, 0, 1, 3428.12, 655930, 2, 0, 0
189, 1685, 1, 2, 0, 0, 0.00%, 0, 0, 1, 3500.82, 674200, 2, 0, 0
194, 1736, 1, 2, 0, 0, 0.00%, 0, 0, 1, 3381.43, 694798, 2, 0, 0
200, 1782, 1, 2, 0, 0, 0.00%, 0, 0, 1, 3504.29, 713201, 2, 0, 0
205, 1827, 1, 2, 0, 0, 0.00%, 0, 0, 1, 3558.37, 731102, 2, 0, 0
210, 1869, 0, 2, 0, 0, 0.00%, 0, 0, 1, 3359.58, 747898, 2, 0, 0
215, 1908, 1, 2, 0, 0, 0.00%, 0, 0, 1, 3193.26, 763594, 2, 0, 0
220, 1950, 1, 2, 0, 0, 0.00%, 0, 0, 1, 3267.66, 780330, 2, 0, 0
225, 2000, 1, 2, 0, 0, 0.00%, 0, 0, 1, 3424.79, 800300, 2, 0, 0
230, 2043, 1, 2, 0, 0, 0.00%, 0, 0, 1, 3391.44, 817298, 2, 0, 0
235, 2087, 1, 2, 0, 0, 0.00%, 0, 0, 1, 3455.32, 834900, 2, 0, 0
240, 2132, 1, 2, 0, 0, 0.00%, 0, 0, 1, 3478.41, 853000, 2, 0, 0
245, 2177, 1, 2, 0, 0, 0.00%, 0, 0, 1, 3487.82, 871000, 2, 0, 0
251, 2222, 1, 2, 0, 0, 0.00%, 0, 0, 1, 3527.98, 889201, 2, 0, 0
256, 2266, 1, 2, 0, 0, 0.00%, 0, 0, 1, 3498.86, 906530, 2, 0, 0
261, 2316, 1, 2, 0, 0, 0.00%, 0, 0, 1, 3466.06, 926530, 2, 0, 0
266, 2360, 0, 2, 0, 0, 0.00%, 0, 0, 1, 3469.96, 944400, 2, 0, 0
271, 2405, 0, 2, 0, 0, 0.00%, 0, 0, 1, 3419.41, 962199, 2, 0, 0
276, 2448, 1, 2, 0, 0, 0.00%, 0, 0, 1, 3385.71, 979330, 2, 0, 0
281, 2491, 1, 2, 0, 0, 0.00%, 0, 0, 1, 3347.96, 996798, 2, 0, 0
287, 2535, 1, 2, 0, 0, 0.00%, 0, 0, 1, 3432.37, 1014430, 2, 0, 0
292, 2586, 1, 2, 0, 0, 0.00%, 0, 0, 1, 3457.62, 1034600, 2, 0, 0
297, 2629, 0, 2, 0, 0, 0.00%, 0, 0, 1, 3444.87, 1051899, 2, 0, 0
302, 2675, 0, 2, 0, 0, 0.00%, 0, 0, 1, 3494.54, 1070130, 2, 0, 0
307, 2718, 1, 2, 0, 0, 0.00%, 0, 0, 1, 3364.09, 1087498, 2, 0, 0
312, 2760, 1, 2, 0, 0, 0.00%, 0, 0, 1, 3377.75, 1104430, 2, 0, 0
317, 2804, 1, 2, 0, 0, 0.00%, 0, 0, 1, 3367.47, 1121898, 2, 0, 0
322, 2854, 1, 2, 0, 0, 0.00%, 0, 0, 1, 3424.76, 1141930, 2, 0, 0
377, 2887, 0, 2, 0, 0, 0.00%, 0, 0, 1, 0.58, 1155230, 2, 0, 0
383, 2940, 1, 2, 0, 0, 0.00%, 0, 0, 1, 3628.97, 1176203, 2, 0, 0
394, 2960, 1, 2, 0, 0, 0.00%, 0, 0, 1, 2.77, 1184130, 2, 0, 0
399, 3006, 1, 2, 0, 0, 0.00%, 0, 0, 1, 3436.33, 1202730, 2, 0, 0
404, 3051, 1, 2, 0, 0, 0.00%, 0, 0, 1, 3600.87, 1220802, 2, 0, 0
409, 3097, 1, 2, 0, 0, 0.00%, 0, 0, 1, 3633.15, 1239130, 2, 0, 0
414, 3151, 1, 2, 0, 0, 0.00%, 0, 0, 1, 3480.03, 1260530, 2, 0, 0
420, 3196, 0, 2, 0, 0, 0.00%, 0, 0, 1, 3572.50, 1278802, 2, 0, 0
425, 3242, 1, 2, 0, 0, 0.00%, 0, 0, 1, 3607.66, 1297103, 2, 0, 0
430, 3288, 1, 2, 0, 0, 0.00%, 0, 0, 1, 3605.80, 1315330, 2, 0, 0
435, 3332, 1, 2, 0, 0, 0.00%, 0, 0, 1, 3547.45, 1333030, 2, 0, 0
440, 3377, 1, 2, 0, 0, 0.00%, 0, 0, 1, 3590.15, 1351002, 2, 0, 0
445, 3421, 1, 2, 0, 0, 0.00%, 0, 0, 1, 3531.78, 1368601, 2, 0, 0
450, 3472, 1, 2, 0, 0, 0.00%, 0, 0, 1, 3566.21, 1389002, 2, 0, 0
455, 3517, 1, 2, 0, 0, 0.00%, 0, 0, 1, 3461.19, 1407100, 2, 0, 0
460, 3563, 1, 2, 0, 0, 0.00%, 0, 0, 1, 3510.21, 1425301, 2, 0, 0
465, 3609, 1, 2, 0, 0, 0.00%, 0, 0, 1, 3546.45, 1443801, 2, 0, 0
470, 3653, 1, 2, 0, 0, 0.00%, 0, 0, 1, 3491.22, 1461330, 2, 0, 0
475, 3697, 1, 2, 0, 0, 0.00%, 0, 0, 1, 3493.58, 1478930, 2, 0, 0
480, 3748, 1, 2, 0, 0, 0.00%, 0, 0, 1, 3561.70, 1499630, 2, 0, 0
485, 3792, 1, 2, 0, 0, 0.00%, 0, 0, 1, 3521.16, 1517101, 2, 0, 0
491, 3838, 1, 2, 0, 0, 0.00%, 0, 0, 1, 3517.32, 1535301, 2, 0, 0
496, 3883, 0, 2, 0, 0, 0.00%, 0, 0, 1, 3512.56, 1553601, 2, 0, 0
501, 3928, 1, 2, 0, 0, 0.00%, 0, 0, 1, 3487.27, 1571630, 2, 0, 0
506, 3973, 1, 2, 0, 0, 0.00%, 0, 0, 1, 3429.69, 1589499, 2, 0, 0
511, 4024, 1, 2, 0, 0, 0.00%, 0, 0, 1, 3496.96, 1610001, 2, 0, 0
516, 4069, 0, 2, 0, 0, 0.00%, 0, 0, 1, 3486.09, 1628000, 2, 0, 0
522, 4114, 1, 2, 0, 0, 0.00%, 0, 0, 1, 3441.86, 1645730, 2, 0, 0
527, 4158, 1, 2, 0, 0, 0.00%, 0, 0, 1, 3442.37, 1663530, 2, 0, 0
532, 4203, 1, 2, 0, 0, 0.00%, 0, 0, 1, 3432.12, 1681399, 2, 0, 0
537, 4248, 1, 2, 0, 0, 0.00%, 0, 0, 1, 3483.46, 1699500, 2, 0, 0
542, 4299, 0, 2, 0, 0, 0.00%, 0, 0, 1, 3572.93, 1719730, 2, 0, 0
547, 4344, 1, 2, 0, 0, 0.00%, 0, 0, 1, 3530.27, 1738001, 2, 0, 0
553, 4389, 1, 2, 0, 0, 0.00%, 0, 0, 1, 3441.18, 1755799, 2, 0, 0
558, 4434, 1, 2, 0, 0, 0.00%, 0, 0, 1, 3471.22, 1773900, 2, 0, 0
563, 4479, 1, 2, 0, 0, 0.00%, 0, 0, 1, 3469.59, 1792030, 2, 0, 0
568, 4523, 0, 2, 0, 0, 0.00%, 0, 0, 1, 3444.87, 1809299, 2, 0, 0
573, 4573, 1, 2, 0, 0, 0.00%, 0, 0, 1, 3165.69, 1829493, 2, 0, 0
578, 4617, 1, 2, 0, 0, 0.00%, 0, 0, 1, 3377.62, 1847130, 2, 0, 0
583, 4662, 1, 2, 0, 0, 0.00%, 0, 0, 1, 3476.15, 1865230, 2, 0, 0
589, 4707, 1, 2, 0, 0, 0.00%, 0, 0, 1, 3414.04, 1882899, 2, 0, 0
594, 4744, 1, 2, 0, 0, 0.00%, 0, 0, 1, 2976.22, 1897730, 2, 0, 0
599, 4781, 1, 2, 0, 0, 0.00%, 0, 0, 1, 2993.85, 1912490, 2, 0, 0
604, 4819, 1, 2, 0, 0, 0.00%, 0, 0, 1, 3278.02, 1927830, 2, 0, 0
609, 4857, 1, 2, 0, 0, 0.00%, 0, 0, 1, 2857.80, 1942889, 2, 0, 0
614, 4896, 1, 2, 0, 0, 0.00%, 0, 0, 1, 3087.36, 1958792, 2, 0, 0
619, 4937, 1, 2, 0, 0, 0.00%, 0, 0, 1, 3152.92, 1975094, 2, 0, 0
624, 4975, 1, 2, 0, 0, 0.00%, 0, 0, 1, 2994.69, 1990191, 2, 0, 0
630, 5002, 1, 2, 0, 0, 0.00%, 0, 0, 1, 2216.00, 2001075, 2, 0, 0
635, 5045, 1, 2, 0, 0, 0.00%, 0, 0, 1, 2771.17, 2018086, 2, 0, 0
640, 5079, 0, 2, 0, 0, 0.00%, 0, 0, 1, 2748.72, 2031985, 2, 0, 0
645, 5120, 0, 2, 0, 0, 0.00%, 0, 0, 1, 3030.50, 2048091, 2, 0, 0
650, 5161, 1, 2, 0, 0, 0.00%, 0, 0, 1, 3202.27, 2064794, 2, 0, 0
655, 5203, 1, 2, 0, 0, 0.00%, 0, 0, 1, 3172.13, 2081330, 2, 0, 0
660, 5242, 1, 2, 0, 0, 0.00%, 0, 0, 1, 3203.13, 2097194, 2, 0, 0
665, 5285, 1, 2, 0, 0, 0.00%, 0, 0, 1, 3231.85, 2114096, 2, 0, 0
665, 5290, 1, 2, 0, 0, 0.00%, 0, 0, 1, 0.00, 2116095, 2, 0, 0
670, 5333, 1, 2, 0, 0, 0.00%, 0, 0, 1, 3275.96, 2133296, 2, 0, 0
676, 5376, 1, 2, 0, 0, 0.00%, 0, 0, 1, 3329.42, 2150697, 2, 0, 0
681, 5419, 1, 2, 0, 0, 0.00%, 0, 0, 1, 3293.88, 2167830, 2, 0, 0
686, 5459, 1, 2, 0, 0, 0.00%, 0, 0, 1, 3197.75, 2183895, 2, 0, 0
691, 5500, 1, 2, 0, 0, 0.00%, 0, 0, 1, 3252.51, 2200295, 2, 0, 0
696, 5542, 1, 2, 0, 0, 0.00%, 0, 0, 1, 3241.03, 2217030, 2, 0, 0
700, 5584, 1, 2, 0, 0, 0.00%, 0, 0, 1, 3232.73, 2233806, 2, 0, 0
