# relative_time, cycles_done, cur_item, corpus_count, pending_total, pending_favs, map_size, saved_crashes, saved_hangs, max_depth, execs_per_sec, total_execs, edges_found, total_crashes, servers_count
64, 532, 1, 2, 0, 0, 0.00%, 0, 0, 2, 3081.20, 213325, 2, 0, 0
69, 571, 1, 2, 0, 0, 0.00%, 0, 0, 2, 3049.84, 228625, 2, 0, 0
74, 609, 1, 2, 0, 0, 0.00%, 0, 0, 2, 3079.52, 244087, 2, 0, 0
79, 649, 1, 2, 0, 0, 0.00%, 0, 0, 2, 3060.98, 259987, 2, 0, 0
84, 688, 1, 2, 0, 0, 0.00%, 0, 0, 2, 3085.73, 275625, 2, 0, 0
89, 726, 1, 2, 0, 0, 0.00%, 0, 0, 2, 3055.80, 290925, 2, 0, 0
88, 740, 0, 2, 0, 0, 0.00%, 0, 0, 2, 0.00, 296525, 2, 0, 0
93, 779, 1, 2, 0, 0, 0.00%, 0, 0, 2, 3034.79, 311886, 2, 0, 0
98, 818, 1, 2, 0, 0, 0.00%, 0, 0, 2, 3059.99, 327387, 2, 0, 0
103, 856, 1, 2, 0, 0, 0.00%, 0, 0, 2, 3098.55, 342925, 2, 0, 0
109, 896, 1, 2, 0, 0, 0.00%, 0, 0, 2, 3075.75, 358925, 2, 0, 0
114, 935, 1, 2, 0, 0, 0.00%, 0, 0, 2, 3076.51, 374425, 2, 0, 0
119, 974, 0, 2, 0, 0, 0.00%, 0, 0, 2, 3084.74, 390025, 2, 0, 0
118, 989, 1, 2, 0, 0, 0.00%, 0, 0, 2, 0.00, 396088, 2, 0, 0
123, 1028, 1, 2, 0, 0, 0.00%, 0, 0, 2, 3074.13, 411587, 2, 0, 0
128, 1067, 1, 2, 0, 0, 0.00%, 0, 0, 2, 3098.90, 427187, 2, 0, 0
133, 1106, 1, 2, 0, 0, 0.00%, 0, 0, 2, 3090.34, 442725, 2, 0, 0
138, 1146, 1, 2, 0, 0, 0.00%, 0, 0, 2, 3070.23, 458687, 2, 0, 0
144, 1184, 1, 2, 0, 0, 0.00%, 0, 0, 2, 3059.20, 474087, 2, 0, 0
149, 1223, 1, 2, 0, 0, 0.00%, 0, 0, 2, 3105.79, 489687, 2, 0, 0
148, 1238, 1, 2, 0, 0, 0.00%, 0, 0, 2, 0.00, 495625, 2, 0, 0
153, 1278, 1, 2, 0, 0, 0.00%, 0, 0, 2, 3075.28, 511625, 2, 0, 0
158, 1317, 1, 2, 0, 0, 0.00%, 0, 0, 2, 3067.69, 527087, 2, 0, 0
163, 1356, 0, 2, 0, 0, 0.00%, 0, 0, 2, 3078.46, 542687, 2, 0, 0
168, 1394, 1, 2, 0, 0, 0.00%, 0, 0, 2, 3085.34, 558125, 2, 0, 0
173, 1433, 1, 2, 0, 0, 0.00%, 0, 0, 2, 3064.60, 573687, 2, 0, 0
178, 1472, 0, 2, 0, 0, 0.00%, 0, 0, 2, 3085.98, 589325, 2, 0, 0
178, 1486, 1, 2, 0, 0, 0.00%, 0, 0, 2, 0.00, 594925, 2, 0, 0
183, 1525, 1, 2, 0, 0, 0.00%, 0, 0, 2, 3091.06, 610525, 2, 0, 0
188, 1564, 1, 2, 0, 0, 0.00%, 0, 0, 2, 3066.08, 625987, 2, 0, 0
193, 1603, 1, 2, 0, 0, 0.00%, 0, 0, 2, 3091.85, 641487, 2, 0, 0
198, 1643, 1, 2, 0, 0, 0.00%, 0, 0, 2, 3111.82, 657725, 2, 0, 0
203, 1682, 1, 2, 0, 0, 0.00%, 0, 0, 2, 3114.66, 673325, 2, 0, 0
208, 1721, 0, 2, 0, 0, 0.00%, 0, 0, 2, 3096.97, 688825, 2, 0, 0
208, 1737, 1, 2, 0, 0, 0.00%, 0, 0, 2, 0.00, 695025, 2, 0, 0
213, 1776, 0, 2, 0, 0, 0.00%, 0, 0, 2, 3104.40, 710588, 2, 0, 0
218, 1816, 1, 2, 0, 0, 0.00%, 0, 0, 2, 3137.72, 726825, 2, 0, 0
223, 1855, 1, 2, 0, 0, 0.00%, 0, 0, 2, 3092.69, 742425, 2, 0, 0
228, 1894, 1, 2, 0, 0, 0.00%, 0, 0, 2, 3080.56, 757825, 2, 0, 0
233, 1932, 1, 2, 0, 0, 0.00%, 0, 0, 2, 3067.96, 773225, 2, 0, 0
238, 1972, 1, 2, 0, 0, 0.00%, 0, 0, 2, 3041.08, 789025, 2, 0, 0
237, 1985, 1, 2, 0, 0, 0.00%, 0, 0, 2, 0.00, 794425, 2, 0, 0
242, 2024, 1, 2, 0, 0, 0.00%, 0, 0, 2, 3075.12, 809787, 2, 0, 0
248, 2063, 1, 2, 0, 0, 0.00%, 0, 0, 2, 3049.77, 825525, 2, 0, 0
253, 2103, 1, 2, 0, 0, 0.00%, 0, 0, 2, 3085.39, 841625, 2, 0, 0
258, 2144, 1, 2, 0, 0, 0.00%, 0, 0, 2, 3144.30, 857888, 2, 0, 0
263, 2183, 1, 2, 0, 0, 0.00%, 0, 0, 2, 3088.79, 873387, 2, 0, 0
268, 2222, 1, 2, 0, 0, 0.00%, 0, 0, 2, 3100.10, 888987, 2, 0, 0
273, 2254, 0, 2, 0, 0, 0.00%, 0, 0, 2, 2562.69, 901825, 2, 0, 0
279, 2290, 1, 2, 0, 0, 0.00%, 0, 0, 2, 2794.34, 916425, 2, 0, 0
284, 2329, 0, 2, 0, 0, 0.00%, 0, 0, 2, 3054.27, 932025, 2, 0, 0
289, 2367, 1, 2, 0, 0, 0.00%, 0, 0, 2, 3050.41, 947325, 2, 0, 0
294, 2407, 1, 2, 0, 0, 0.00%, 0, 0, 2, 3061.82, 963225, 2, 0, 0
299, 2447, 1, 2, 0, 0, 0.00%, 0, 0, 2, 3186.08, 979225, 2, 0, 0
304, 2486, 1, 2, 0, 0, 0.00%, 0, 0, 2, 3090.36, 994687, 2, 0, 0
300, 2497, 1, 2, 0, 0, 0.00%, 0, 0, 2, 0.00, 999025, 2, 0, 0
305, 2535, 1, 2, 0, 0, 0.00%, 0, 0, 2, 3106.85, 1014488, 2, 0, 0
310, 2575, 1, 2, 0, 0, 0.00%, 0, 0, 2, 3126.42, 1030288, 2, 0, 0
315, 2614, 1, 2, 0, 0, 0.00%, 0, 0, 2, 3089.08, 1045787, 2, 0, 0
320, 2651, 1, 2, 0, 0, 0.00%, 0, 0, 2, 3040.30, 1060925, 2, 0, 0
325, 2690, 0, 2, 0, 0, 0.00%, 0, 0, 2, 3048.21, 1076286, 2, 0, 0
331, 2729, 1, 2, 0, 0, 0.00%, 0, 0, 2, 3043.05, 1091726, 2, 0, 0
330, 2745, 1, 2, 0, 0, 0.00%, 0, 0, 2, 0.00, 1098187, 2, 0, 0
335, 2783, 1, 2, 0, 0, 0.00%, 0, 0, 2, 3105.39, 1113688, 2, 0, 0
340, 2822, 1, 2, 0, 0, 0.00%, 0, 0, 2, 3070.98, 1129025, 2, 0, 0
346, 2860, 1, 2, 0, 0, 0.00%, 0, 0, 2, 3002.01, 1144425, 2, 0, 0
351, 2899, 1, 2, 0, 0, 0.00%, 0, 0, 2, 3076.22, 1160125, 2, 0, 0
356, 2939, 1, 2, 0, 0, 0.00%, 0, 0, 2, 3125.67, 1175788, 2, 0, 0
361, 2978, 1, 2, 0, 0, 0.00%, 0, 0, 2, 3123.71, 1191488, 2, 0, 0
360, 2993, 1, 2, 0, 0, 0.00%, 0, 0, 2, 0.00, 1197688, 2, 0, 0
365, 3034, 1, 2, 0, 0, 0.00%, 0, 0, 2, 3106.51, 1213888, 2, 0, 0
370, 3072, 1, 2, 0, 0, 0.00%, 0, 0, 2, 3062.71, 1229225, 2, 0, 0
376, 3113, 1, 2, 0, 0, 0.00%, 0, 0, 2, 3141.06, 1245626, 2, 0, 0
381, 3154, 1, 2, 0, 0, 0.00%, 0, 0, 2, 3127.08, 1261825, 2, 0, 0
386, 3192, 1, 2, 0, 0, 0.00%, 0, 0, 2, 3073.16, 1277225, 2, 0, 0
391, 3234, 1, 2, 0, 0, 0.00%, 0, 0, 2, 3141.25, 1293888, 2, 0, 0
390, 3245, 1, 2, 0, 0, 0.00%, 0, 0, 2, 0.00, 1298288, 2, 0, 0
395, 3284, 0, 2, 0, 0, 0.00%, 0, 0, 2, 3095.49, 1313787, 2, 0, 0
400, 3322, 1, 2, 0, 0, 0.00%, 0, 0, 2, 3092.83, 1329325, 2, 0, 0
405, 3362, 1, 2, 0, 0, 0.00%, 0, 0, 2, 3122.60, 1345088, 2, 0, 0
410, 3401, 1, 2, 0, 0, 0.00%, 0, 0, 2, 3112.10, 1360725, 2, 0, 0
415, 3440, 1, 2, 0, 0, 0.00%, 0, 0, 2, 3088.42, 1376225, 2, 0, 0
420, 3480, 1, 2, 0, 0, 0.00%, 0, 0, 2, 3121.75, 1392488, 2, 0, 0
420, 3495, 1, 2, 0, 0, 0.00%, 0, 0, 2, 0.00, 1398388, 2, 0, 0
425, 3535, 1, 2, 0, 0, 0.00%, 0, 0, 2, 3084.88, 1414525, 2, 0, 0
430, 3575, 1, 2, 0, 0, 0.00%, 0, 0, 2, 3140.92, 1430288, 2, 0, 0
435, 3615, 1, 2, 0, 0, 0.00%, 0, 0, 2, 3091.52, 1446325, 2, 0, 0
440, 3655, 1, 2, 0, 0, 0.00%, 0, 0, 2, 3117.90, 1462525, 2, 0, 0
445, 3695, 1, 2, 0, 0, 0.00%, 0, 0, 2, 3124.80, 1478188, 2, 0, 0
450, 3734, 1, 2, 0, 0, 0.00%, 0, 0, 2, 3112.26, 1493788, 2, 0, 0
450, 3746, 1, 2, 0, 0, 0.00%, 0, 0, 2, 0.00, 1498787, 2, 0, 0
455, 3785, 1, 2, 0, 0, 0.00%, 0, 0, 2, 3088.98, 1514287, 2, 0, 0
460, 3824, 1, 2, 0, 0, 0.00%, 0, 0, 2, 3123.35, 1529988, 2, 0, 0
465, 3864, 1, 2, 0, 0, 0.00%, 0, 0, 2, 3128.27, 1545888, 2, 0, 0
470, 3903, 1, 2, 0, 0, 0.00%, 0, 0, 2, 3126.52, 1561488, 2, 0, 0
475, 3943, 1, 2, 0, 0, 0.00%, 0, 0, 2, 3109.28, 1577688, 2, 0, 0
480, 3984, 1, 2, 0, 0, 0.00%, 0, 0, 2, 3108.25, 1593888, 2, 0, 0
480, 3997, 1, 2, 0, 0, 0.00%, 0, 0, 2, 0.00, 1599225, 2, 0, 0
485, 4036, 1, 2, 0, 0, 0.00%, 0, 0, 2, 3129.47, 1614825, 2, 0, 0
490, 4075, 1, 2, 0, 0, 0.00%, 0, 0, 2, 3107.90, 1630488, 2, 0, 0
495, 4115, 1, 2, 0, 0, 0.00%, 0, 0, 2, 3162.44, 1646389, 2, 0, 0
500, 4156, 0, 2, 0, 0, 0.00%, 0, 0, 2, 3133.18, 1662625, 2, 0, 0
505, 4195, 1, 2, 0, 0, 0.00%, 0, 0, 2, 3123.32, 1678188, 2, 0, 0
510, 4234, 1, 2, 0, 0, 0.00%, 0, 0, 2, 3134.90, 1693925, 2, 0, 0
509, 4250, 1, 2, 0, 0, 0.00%, 0, 0, 2, 0.00, 1700188, 2, 0, 0
515, 4290, 0, 2, 0, 0, 0.00%, 0, 0, 2, 3145.05, 1716525, 2, 0, 0
520, 4330, 1, 2, 0, 0, 0.00%, 0, 0, 2, 3151.54, 1732325, 2, 0, 0
525, 4369, 1, 2, 0, 0, 0.00%, 0, 0, 2, 3132.15, 1748025, 2, 0, 0
530, 4409, 0, 2, 0, 0, 0.00%, 0, 0, 2, 3123.62, 1763788, 2, 0, 0
535, 4448, 1, 2, 0, 0, 0.00%, 0, 0, 2, 3128.13, 1779488, 2, 0, 0
540, 4487, 1, 2, 0, 0, 0.00%, 0, 0, 2, 3112.09, 1795088, 2, 0, 0
539, 4502, 0, 2, 0, 0, 0.00%, 0, 0, 2, 0.00, 1801288, 2, 0, 0
544, 4543, 1, 2, 0, 0, 0.00%, 0, 0, 2, 3133.75, 1817525, 2, 0, 0
549, 4582, 1, 2, 0, 0, 0.00%, 0, 0, 2, 3110.66, 1833125, 2, 0, 0
555, 4623, 0, 2, 0, 0, 0.00%, 0, 0, 2, 3136.00, 1849588, 2, 0, 0
555, 4628, 1, 2, 0, 0, 0.00%, 0, 0, 2, 3143.13, 1851452, 2, 0, 0
