# relative_time, cycles_done, cur_item, corpus_count, pending_total, pending_favs, map_size, saved_crashes, saved_hangs, max_depth, execs_per_sec, total_execs, edges_found, total_crashes, servers_count
61, 315, 2, 5, 0, 0, 50.00%, 0, 0, 2, 2376.83, 150804, 6, 0, 0
66, 342, 1, 5, 0, 0, 50.00%, 0, 0, 2, 2442.02, 163531, 6, 0, 0
71, 374, 4, 5, 0, 0, 50.00%, 0, 0, 2, 2442.43, 179009, 6, 0, 0
76, 399, 4, 5, 0, 0, 50.00%, 0, 0, 2, 2394.72, 190857, 6, 0, 0
81, 425, 3, 5, 0, 0, 50.00%, 0, 0, 2, 2407.02, 203108, 6, 0, 0
86, 451, 0, 5, 0, 0, 50.00%, 0, 0, 2, 2355.12, 215157, 6, 0, 0
91, 476, 2, 5, 0, 0, 50.00%, 0, 0, 2, 2374.39, 227232, 6, 0, 0
96, 501, 0, 5, 0, 0, 50.00%, 0, 0, 2, 2368.45, 238954, 6, 0, 0
101, 533, 3, 5, 0, 0, 50.00%, 0, 0, 2, 2413.82, 254456, 6, 0, 0
106, 558, 3, 5, 0, 0, 50.00%, 0, 0, 2, 2359.74, 266282, 6, 0, 0
111, 583, 4, 5, 0, 0, 50.00%, 0, 0, 2, 2384.37, 278284, 6, 0, 0
116, 609, 1, 5, 0, 0, 50.00%, 0, 0, 2, 2381.65, 290307, 6, 0, 0
121, 634, 1, 5, 0, 0, 50.00%, 0, 0, 2, 2354.48, 302181, 6, 0, 0
127, 660, 0, 5, 0, 0, 50.00%, 0, 0, 2, 2370.09, 314479, 6, 0, 0
132, 692, 4, 5, 0, 0, 50.00%, 0, 0, 2, 2436.78, 330033, 6, 0, 0
137, 718, 2, 5, 0, 0, 50.00%, 0, 0, 2, 2421.08, 342231, 6, 0, 0
142, 743, 3, 5, 0, 0, 50.00%, 0, 0, 2, 2389.14, 354204, 6, 0, 0
147, 768, 0, 5, 0, 0, 50.00%, 0, 0, 2, 2326.22, 365777, 6, 0, 0
152, 792, 2, 5, 0, 0, 50.00%, 0, 0, 2, 2292.42, 377331, 6, 0, 0
157, 817, 3, 5, 0, 0, 50.00%, 0, 0, 2, 2368.06, 389354, 6, 0, 0
162, 850, 0, 5, 0, 0, 50.00%, 0, 0, 2, 2340.70, 404681, 6, 0, 0
167, 875, 1, 5, 0, 0, 50.00%, 0, 0, 2, 2370.67, 416657, 6, 0, 0
172, 900, 1, 5, 0, 0, 50.00%, 0, 0, 2, 2320.72, 428577, 6, 0, 0
177, 925, 1, 5, 0, 0, 50.00%, 0, 0, 2, 2277.51, 440405, 6, 0, 0
183, 950, 1, 5, 0, 0, 50.00%, 0, 0, 2, 2325.84, 452334, 6, 0, 0
188, 976, 0, 5, 0, 0, 50.00%, 0, 0, 2, 2348.29, 464532, 6, 0, 0
193, 1006, 1, 5, 0, 0, 50.00%, 0, 0, 2, 2181.34, 478878, 6, 0, 0
198, 1031, 2, 5, 0, 0, 50.00%, 0, 0, 2, 2284.32, 490900, 6, 0, 0
203, 1056, 2, 5, 0, 0, 50.00%, 0, 0, 2, 2296.47, 502775, 6, 0, 0
208, 1081, 1, 5, 0, 0, 50.00%, 0, 0, 2, 2261.03, 514550, 6, 0, 0
214, 1105, 4, 5, 0, 0, 50.00%, 0, 0, 2, 2261.96, 526205, 6, 0, 0
219, 1131, 0, 5, 0, 0, 50.00%, 0, 0, 2, 2286.41, 538155, 6, 0, 0
224, 1162, 3, 5, 0, 0, 50.00%, 0, 0, 2, 2289.20, 553181, 6, 0, 0
229, 1187, 1, 5, 0, 0, 50.00%, 0, 0, 2, 2287.10, 564900, 6, 0, 0
234, 1212, 0, 5, 0, 0, 50.00%, 0, 0, 2, 2270.59, 576675, 6, 0, 0
239, 1236, 4, 5, 0, 0, 50.00%, 0, 0, 2, 2270.38, 588430, 6, 0, 0
245, 1261, 2, 5, 0, 0, 50.00%, 0, 0, 2, 2264.49, 600150, 6, 0, 0
250, 1285, 1, 5, 0, 0, 50.00%, 0, 0, 2, 2248.11, 611448, 6, 0, 0
255, 1314, 3, 5, 0, 0, 50.00%, 0, 0, 2, 2139.90, 625378, 6, 0, 0
260, 1336, 0, 5, 0, 0, 50.00%, 0, 0, 2, 2065.74, 635567, 6, 0, 0
265, 1360, 2, 5, 0, 0, 50.00%, 0, 0, 2, 2226.27, 647173, 6, 0, 0
270, 1385, 2, 5, 0, 0, 50.00%, 0, 0, 2, 2286.24, 659005, 6, 0, 0
275, 1409, 1, 5, 0, 0, 50.00%, 0, 0, 2, 2274.79, 670350, 6, 0, 0
280, 1434, 1, 5, 0, 0, 50.00%, 0, 0, 2, 2285.28, 682180, 6, 0, 0
282, 1450, 2, 5, 0, 0, 50.00%, 0, 0, 2, 1857.14, 689771, 6, 0, 0
