# relative_time, cycles_done, cur_item, corpus_count, pending_total, pending_favs, map_size, saved_crashes, saved_hangs, max_depth, execs_per_sec, total_execs, edges_found, total_crashes, servers_count
63, 67, 9, 27, 0, 0, 0.07%, 0, 0, 2, 3201.93, 223307, 46, 0, 0
68, 74, 18, 27, 0, 0, 0.07%, 0, 0, 2, 3323.48, 240480, 46, 0, 0
68, 75, 23, 27, 0, 0, 0.07%, 0, 0, 2, 0.00, 245528, 46, 0, 0
73, 82, 23, 27, 0, 0, 0.07%, 0, 0, 2, 3274.21, 262432, 46, 0, 0
78, 89, 3, 27, 0, 0, 0.07%, 0, 0, 2, 3316.47, 279650, 46, 0, 0
83, 95, 1, 27, 0, 0, 0.07%, 0, 0, 2, 3168.37, 295461, 46, 0, 0
88, 100, 23, 27, 0, 0, 0.07%, 0, 0, 2, 3155.62, 311240, 46, 0, 0
93, 106, 22, 27, 0, 0, 0.07%, 0, 0, 2, 3152.56, 326917, 46, 0, 0
98, 113, 20, 27, 0, 0, 0.07%, 0, 0, 2, 3231.44, 343584, 46, 0, 0
97, 115, 13, 27, 0, 0, 0.07%, 0, 0, 2, 0.00, 348905, 46, 0, 0
103, 122, 19, 27, 0, 0, 0.07%, 0, 0, 2, 3246.00, 365636, 46, 0, 0
108, 129, 21, 27, 0, 0, 0.07%, 0, 0, 2, 3301.97, 382883, 46, 0, 0
113, 135, 8, 27, 0, 0, 0.07%, 0, 0, 2, 3237.51, 399646, 46, 0, 0
118, 141, 18, 27, 0, 0, 0.07%, 0, 0, 2, 3214.26, 415657, 46, 0, 0
123, 147, 24, 27, 0, 0, 0.07%, 0, 0, 2, 2965.75, 430602, 46, 0, 0
128, 153, 22, 27, 0, 0, 0.07%, 0, 0, 2, 3092.58, 446070, 46, 0, 0
127, 155, 23, 27, 0, 0, 0.07%, 0, 0, 2, 0.00, 451300, 46, 0, 0
133, 162, 22, 27, 0, 0, 0.07%, 0, 0, 2, 3164.65, 467234, 46, 0, 0
138, 168, 15, 27, 0, 0, 0.07%, 0, 0, 2, 3136.12, 483665, 46, 0, 0
143, 175, 25, 27, 0, 0, 0.07%, 0, 0, 2, 3219.59, 500364, 46, 0, 0
148, 181, 3, 27, 0, 0, 0.07%, 0, 0, 2, 3140.08, 516598, 46, 0, 0
153, 187, 13, 27, 0, 0, 0.07%, 0, 0, 2, 3172.51, 532478, 46, 0, 0
158, 193, 26, 27, 0, 0, 0.07%, 0, 0, 2, 3196.32, 548549, 46, 0, 0
158, 195, 12, 27, 0, 0, 0.07%, 0, 0, 2, 0.00, 553819, 46, 0, 0
163, 201, 18, 27, 0, 0, 0.07%, 0, 0, 2, 3253.64, 570134, 46, 0, 0
168, 208, 23, 27, 0, 0, 0.07%, 0, 0, 2, 3263.94, 587061, 46, 0, 0
173, 215, 21, 27, 0, 0, 0.07%, 0, 0, 2, 3183.98, 603591, 46, 0, 0
178, 220, 16, 27, 0, 0, 0.07%, 0, 0, 2, 3107.20, 619127, 46, 0, 0
183, 226, 10, 27, 0, 0, 0.07%, 0, 0, 2, 3168.90, 635061, 46, 0, 0
188, 232, 24, 27, 0, 0, 0.07%, 0, 0, 2, 3166.41, 651551, 46, 0, 0
187, 234, 26, 27, 0, 0, 0.07%, 0, 0, 2, 0.00, 656792, 46, 0, 0
193, 240, 9, 27, 0, 0, 0.07%, 0, 0, 2, 3212.48, 672756, 46, 0, 0
198, 247, 13, 27, 0, 0, 0.07%, 0, 0, 2, 3246.55, 689561, 46, 0, 0
203, 253, 25, 27, 0, 0, 0.07%, 0, 0, 2, 3161.03, 705360, 46, 0, 0
208, 259, 1, 27, 0, 0, 0.07%, 0, 0, 2, 3094.97, 721445, 46, 0, 0
213, 265, 25, 27, 0, 0, 0.07%, 0, 0, 2, 3184.53, 737532, 46, 0, 0
218, 271, 22, 27, 0, 0, 0.07%, 0, 0, 2, 3211.33, 754096, 46, 0, 0
217, 273, 2, 27, 0, 0, 0.07%, 0, 0, 2, 0.00, 759627, 46, 0, 0
223, 280, 26, 27, 0, 0, 0.07%, 0, 0, 2, 3257.69, 776525, 46, 0, 0
228, 286, 23, 27, 0, 0, 0.07%, 0, 0, 2, 3195.27, 793151, 46, 0, 0
233, 292, 26, 27, 0, 0, 0.07%, 0, 0, 2, 3088.57, 809156, 46, 0, 0
238, 299, 24, 27, 0, 0, 0.07%, 0, 0, 2, 3075.14, 825099, 46, 0, 0
243, 305, 24, 27, 0, 0, 0.07%, 0, 0, 2, 3126.74, 841296, 46, 0, 0
249, 311, 2, 27, 0, 0, 0.07%, 0, 0, 2, 3205.81, 857914, 46, 0, 0
247, 313, 19, 27, 0, 0, 0.07%, 0, 0, 2, 0.00, 861580, 46, 0, 0
252, 320, 20, 27, 0, 0, 0.07%, 0, 0, 2, 3266.85, 878288, 46, 0, 0
258, 326, 13, 27, 0, 0, 0.07%, 0, 0, 2, 3252.62, 895061, 46, 0, 0
263, 332, 3, 27, 0, 0, 0.07%, 0, 0, 2, 3140.12, 910692, 46, 0, 0
268, 338, 21, 27, 0, 0, 0.07%, 0, 0, 2, 3121.69, 926306, 46, 0, 0
273, 344, 22, 27, 0, 0, 0.07%, 0, 0, 2, 3040.34, 941877, 46, 0, 0
278, 351, 25, 27, 0, 0, 0.07%, 0, 0, 2, 3115.96, 958078, 46, 0, 0
277, 353, 13, 27, 0, 0, 0.07%, 0, 0, 2, 0.00, 962936, 46, 0, 0
282, 359, 13, 27, 0, 0, 0.07%, 0, 0, 2, 3258.07, 979696, 46, 0, 0
288, 366, 12, 27, 0, 0, 0.07%, 0, 0, 2, 3199.32, 996368, 46, 0, 0
293, 373, 25, 27, 0, 0, 0.07%, 0, 0, 2, 3158.64, 1012690, 46, 0, 0
298, 379, 20, 27, 0, 0, 0.07%, 0, 0, 2, 3189.70, 1029247, 46, 0, 0
303, 386, 21, 27, 0, 0, 0.07%, 0, 0, 2, 3141.62, 1045543, 46, 0, 0
308, 392, 8, 27, 0, 0, 0.07%, 0, 0, 2, 3172.33, 1061438, 46, 0, 0
307, 393, 23, 27, 0, 0, 0.07%, 0, 0, 2, 0.00, 1065385, 46, 0, 0
312, 399, 18, 27, 0, 0, 0.07%, 0, 0, 2, 3151.68, 1081617, 46, 0, 0
318, 406, 20, 27, 0, 0, 0.07%, 0, 0, 2, 3149.22, 1098089, 46, 0, 0
323, 412, 17, 27, 0, 0, 0.07%, 0, 0, 2, 3226.39, 1114826, 46, 0, 0
328, 419, 24, 27, 0, 0, 0.07%, 0, 0, 2, 3148.41, 1131286, 46, 0, 0
333, 426, 12, 27, 0, 0, 0.07%, 0, 0, 2, 3157.76, 1147745, 46, 0, 0
338, 433, 16, 27, 0, 0, 0.07%, 0, 0, 2, 3211.81, 1164517, 46, 0, 0
337, 434, 8, 27, 0, 0, 0.07%, 0, 0, 2, 0.00, 1168378, 46, 0, 0
342, 440, 21, 27, 0, 0, 0.07%, 0, 0, 2, 3112.85, 1183861, 46, 0, 0
347, 446, 13, 27, 0, 0, 0.07%, 0, 0, 2, 3180.47, 1200589, 46, 0, 0
352, 452, 24, 27, 0, 0, 0.07%, 0, 0, 2, 3106.34, 1216090, 46, 0, 0
358, 458, 15, 27, 0, 0, 0.07%, 0, 0, 2, 3186.96, 1232475, 46, 0, 0
363, 465, 3, 27, 0, 0, 0.07%, 0, 0, 2, 3177.49, 1248470, 46, 0, 0
368, 471, 18, 27, 0, 0, 0.07%, 0, 0, 2, 3181.55, 1264410, 46, 0, 0
367, 473, 25, 27, 0, 0, 0.07%, 0, 0, 2, 0.00, 1270518, 46, 0, 0
372, 479, 22, 27, 0, 0, 0.07%, 0, 0, 2, 3126.26, 1286840, 46, 0, 0
378, 486, 24, 27, 0, 0, 0.07%, 0, 0, 2, 3179.54, 1303484, 46, 0, 0
383, 492, 22, 27, 0, 0, 0.07%, 0, 0, 2, 3183.08, 1319480, 46, 0, 0
388, 498, 18, 27, 0, 0, 0.07%, 0, 0, 2, 3140.66, 1335127, 46, 0, 0
393, 504, 1, 27, 0, 0, 0.07%, 0, 0, 2, 3189.17, 1351726, 46, 0, 0
398, 511, 11, 27, 0, 0, 0.07%, 0, 0, 2, 3179.19, 1367638, 46, 0, 0
397, 513, 8, 27, 0, 0, 0.07%, 0, 0, 2, 0.00, 1372913, 46, 0, 0
402, 519, 21, 27, 0, 0, 0.07%, 0, 0, 2, 3151.82, 1389076, 46, 0, 0
408, 525, 17, 27, 0, 0, 0.07%, 0, 0, 2, 3171.73, 1405486, 46, 0, 0
413, 531, 16, 27, 0, 0, 0.07%, 0, 0, 2, 3192.58, 1421927, 46, 0, 0
418, 538, 13, 27, 0, 0, 0.07%, 0, 0, 2, 3164.12, 1438276, 46, 0, 0
423, 544, 26, 27, 0, 0, 0.07%, 0, 0, 2, 3175.20, 1454640, 46, 0, 0
428, 550, 12, 27, 0, 0, 0.07%, 0, 0, 2, 3176.63, 1470713, 46, 0, 0
427, 552, 2, 27, 0, 0, 0.07%, 0, 0, 2, 0.00, 1475250, 46, 0, 0
432, 559, 24, 27, 0, 0, 0.07%, 0, 0, 2, 3151.90, 1491717, 46, 0, 0
438, 566, 15, 27, 0, 0, 0.07%, 0, 0, 2, 3200.53, 1508126, 46, 0, 0
443, 572, 13, 27, 0, 0, 0.07%, 0, 0, 2, 3147.01, 1524496, 46, 0, 0
448, 579, 23, 27, 0, 0, 0.07%, 0, 0, 2, 3140.90, 1540504, 46, 0, 0
453, 585, 24, 27, 0, 0, 0.07%, 0, 0, 2, 3063.76, 1556409, 46, 0, 0
458, 592, 3, 27, 0, 0, 0.07%, 0, 0, 2, 3184.59, 1572944, 46, 0, 0
457, 594, 2, 27, 0, 0, 0.07%, 0, 0, 2, 0.00, 1577163, 46, 0, 0
462, 601, 10, 27, 0, 0, 0.07%, 0, 0, 2, 3183.72, 1593671, 46, 0, 0
467, 607, 20, 27, 0, 0, 0.07%, 0, 0, 2, 3197.17, 1610168, 46, 0, 0
473, 613, 22, 27, 0, 0, 0.07%, 0, 0, 2, 3157.03, 1625958, 46, 0, 0
478, 619, 25, 27, 0, 0, 0.07%, 0, 0, 2, 3126.38, 1642016, 46, 0, 0
483, 625, 26, 27, 0, 0, 0.07%, 0, 0, 2, 3188.20, 1658627, 46, 0, 0
488, 632, 20, 27, 0, 0, 0.07%, 0, 0, 2, 3169.33, 1675114, 46, 0, 0
488, 634, 7, 27, 0, 0, 0.07%, 0, 0, 2, 0.00, 1681158, 46, 0, 0
493, 641, 20, 27, 0, 0, 0.07%, 0, 0, 2, 3193.13, 1697504, 46, 0, 0
498, 647, 22, 27, 0, 0, 0.07%, 0, 0, 2, 3197.64, 1713526, 46, 0, 0
503, 654, 8, 27, 0, 0, 0.07%, 0, 0, 2, 3212.17, 1729553, 46, 0, 0
508, 660, 25, 27, 0, 0, 0.07%, 0, 0, 2, 3144.35, 1745672, 46, 0, 0
513, 666, 9, 27, 0, 0, 0.07%, 0, 0, 2, 3168.06, 1761521, 46, 0, 0
518, 673, 19, 27, 0, 0, 0.07%, 0, 0, 2, 3178.88, 1778106, 46, 0, 0
518, 675, 25, 27, 0, 0, 0.07%, 0, 0, 2, 0.00, 1783000, 46, 0, 0
523, 682, 23, 27, 0, 0, 0.07%, 0, 0, 2, 3190.53, 1799333, 46, 0, 0
528, 688, 22, 27, 0, 0, 0.07%, 0, 0, 2, 3166.73, 1815831, 46, 0, 0
533, 694, 23, 27, 0, 0, 0.07%, 0, 0, 2, 3145.23, 1831592, 46, 0, 0
538, 700, 22, 27, 0, 0, 0.07%, 0, 0, 2, 3125.87, 1847698, 46, 0, 0
543, 707, 8, 27, 0, 0, 0.07%, 0, 0, 2, 3124.43, 1863850, 46, 0, 0
548, 713, 22, 27, 0, 0, 0.07%, 0, 0, 2, 3231.49, 1880265, 46, 0, 0
547, 715, 1, 27, 0, 0, 0.07%, 0, 0, 2, 0.00, 1885082, 46, 0, 0
552, 722, 3, 27, 0, 0, 0.07%, 0, 0, 2, 3210.54, 1901244, 46, 0, 0
558, 729, 19, 27, 0, 0, 0.07%, 0, 0, 2, 3187.09, 1917690, 46, 0, 0
563, 735, 12, 27, 0, 0, 0.07%, 0, 0, 2, 3099.06, 1933689, 46, 0, 0
568, 741, 19, 27, 0, 0, 0.07%, 0, 0, 2, 3118.45, 1949785, 46, 0, 0
573, 748, 2, 27, 0, 0, 0.07%, 0, 0, 2, 3046.16, 1965693, 46, 0, 0
578, 754, 20, 27, 0, 0, 0.07%, 0, 0, 2, 3135.45, 1981509, 46, 0, 0
577, 756, 9, 27, 0, 0, 0.07%, 0, 0, 2, 0.00, 1986408, 46, 0, 0
583, 762, 8, 27, 0, 0, 0.07%, 0, 0, 2, 3192.08, 2003045, 46, 0, 0
588, 769, 20, 27, 0, 0, 0.07%, 0, 0, 2, 3155.95, 2018918, 46, 0, 0
593, 775, 20, 27, 0, 0, 0.07%, 0, 0, 2, 3100.45, 2035119, 46, 0, 0
598, 781, 25, 27, 0, 0, 0.07%, 0, 0, 2, 3124.47, 2050803, 46, 0, 0
603, 788, 19, 27, 0, 0, 0.07%, 0, 0, 2, 3142.36, 2067166, 46, 0, 0
608, 794, 8, 27, 0, 0, 0.07%, 0, 0, 2, 3148.13, 2083467, 46, 0, 0
607, 796, 1, 27, 0, 0, 0.07%, 0, 0, 2, 0.00, 2088176, 46, 0, 0
612, 802, 24, 27, 0, 0, 0.07%, 0, 0, 2, 3157.53, 2104465, 46, 0, 0
618, 808, 20, 27, 0, 0, 0.07%, 0, 0, 2, 3156.34, 2120799, 46, 0, 0
623, 814, 19, 27, 0, 0, 0.07%, 0, 0, 2, 3134.32, 2136963, 46, 0, 0
628, 821, 2, 27, 0, 0, 0.07%, 0, 0, 2, 3116.19, 2152504, 46, 0, 0
633, 827, 12, 27, 0, 0, 0.07%, 0, 0, 2, 3152.16, 2168700, 46, 0, 0
638, 834, 1, 27, 0, 0, 0.07%, 0, 0, 2, 3109.70, 2184521, 46, 0, 0
637, 835, 8, 27, 0, 0, 0.07%, 0, 0, 2, 0.00, 2188929, 46, 0, 0
642, 842, 2, 27, 0, 0, 0.07%, 0, 0, 2, 3177.38, 2205378, 46, 0, 0
648, 848, 22, 27, 0, 0, 0.07%, 0, 0, 2, 3187.38, 2221840, 46, 0, 0
653, 855, 26, 27, 0, 0, 0.07%, 0, 0, 2, 3183.00, 2238311, 46, 0, 0
658, 861, 10, 27, 0, 0, 0.07%, 0, 0, 2, 3018.35, 2253624, 46, 0, 0
