# relative_time, cycles_done, cur_item, corpus_count, pending_total, pending_favs, map_size, saved_crashes, saved_hangs, max_depth, execs_per_sec, total_execs, edges_found, total_crashes, servers_count
60, 25, 8, 9, 0, 0, 0.02%, 0, 2, 2, 198.50, 34595, 10, 0, 0
65, 28, 8, 9, 0, 0, 0.02%, 0, 2, 2, 437.83, 37089, 10, 0, 0
71, 32, 3, 9, 0, 0, 0.02%, 0, 2, 2, 570.41, 40019, 10, 0, 0
76, 35, 4, 9, 0, 0, 0.02%, 0, 2, 2, 701.44, 42662, 10, 0, 0
81, 38, 3, 9, 0, 0, 0.02%, 0, 2, 2, 800.16, 45174, 10, 0, 0
86, 40, 7, 9, 0, 0, 0.02%, 0, 2, 2, 856.48, 47199, 10, 0, 0
91, 44, 3, 9, 0, 0, 0.02%, 0, 2, 2, 627.57, 50259, 10, 0, 0
96, 47, 0, 9, 0, 0, 0.02%, 0, 2, 2, 508.80, 52530, 10, 0, 0
101, 50, 2, 9, 0, 0, 0.02%, 0, 2, 2, 719.13, 55255, 10, 0, 0
106, 53, 4, 9, 0, 0, 0.02%, 0, 2, 2, 584.49, 57960, 10, 0, 0
111, 56, 3, 9, 0, 0, 0.02%, 0, 2, 2, 883.72, 60453, 10, 0, 0
117, 59, 5, 9, 0, 0, 0.02%, 0, 2, 2, 612.75, 63233, 10, 0, 0
122, 63, 2, 9, 0, 0, 0.02%, 0, 2, 2, 633.05, 66333, 10, 0, 0
127, 66, 1, 9, 0, 0, 0.02%, 0, 2, 2, 416.07, 68748, 10, 0, 0
132, 69, 2, 9, 0, 0, 0.02%, 0, 2, 2, 519.95, 71439, 10, 0, 0
137, 72, 4, 9, 0, 0, 0.02%, 0, 2, 2, 527.18, 74119, 10, 0, 0
142, 75, 3, 9, 0, 0, 0.02%, 0, 2, 2, 541.03, 76619, 10, 0, 0
147, 78, 4, 9, 0, 0, 0.02%, 0, 2, 2, 138.89, 79244, 10, 0, 0
152, 81, 8, 9, 0, 0, 0.02%, 0, 2, 2, 769.18, 82189, 10, 0, 0
157, 85, 2, 9, 0, 0, 0.02%, 0, 2, 2, 414.68, 85033, 10, 0, 0
162, 88, 1, 9, 0, 0, 0.02%, 0, 2, 2, 479.41, 87417, 10, 0, 0
167, 91, 4, 9, 0, 0, 0.02%, 0, 2, 2, 87.45, 90271, 10, 0, 0
172, 94, 4, 9, 0, 0, 0.02%, 0, 2, 2, 85.60, 92877, 10, 0, 0
178, 97, 6, 9, 0, 0, 0.02%, 0, 2, 2, 147.44, 95605, 10, 0, 0
183, 100, 7, 9, 0, 0, 0.02%, 0, 2, 2, 980.95, 98223, 10, 0, 0
188, 103, 5, 9, 0, 0, 0.02%, 0, 2, 2, 130.32, 100563, 10, 0, 0
193, 107, 0, 9, 0, 0, 0.02%, 0, 2, 2, 712.54, 103463, 10, 0, 0
198, 110, 4, 9, 0, 0, 0.02%, 0, 2, 2, 86.96, 106435, 10, 0, 0
203, 113, 4, 9, 0, 0, 0.02%, 0, 2, 2, 692.92, 108962, 10, 0, 0
208, 115, 8, 9, 0, 0, 0.02%, 0, 2, 2, 821.23, 111095, 10, 0, 0
213, 119, 0, 9, 0, 0, 0.02%, 0, 2, 2, 560.94, 113671, 10, 0, 0
218, 122, 4, 9, 0, 0, 0.02%, 0, 2, 2, 504.47, 116608, 10, 0, 0
223, 125, 3, 9, 0, 0, 0.02%, 0, 2, 2, 522.47, 119112, 10, 0, 0
229, 128, 4, 9, 0, 0, 0.02%, 0, 2, 2, 615.50, 121747, 10, 0, 0
234, 131, 6, 9, 0, 0, 0.02%, 0, 2, 2, 281.95, 124464, 10, 0, 0
239, 134, 7, 9, 0, 0, 0.02%, 0, 2, 2, 475.37, 127099, 10, 0, 0
244, 137, 4, 9, 0, 0, 0.02%, 0, 2, 2, 484.76, 129419, 10, 0, 0
249, 140, 8, 9, 0, 0, 0.02%, 0, 2, 2, 616.46, 132273, 10, 0, 0
254, 144, 1, 9, 0, 0, 0.02%, 0, 2, 2, 677.09, 135012, 10, 0, 0
259, 147, 4, 9, 0, 0, 0.02%, 0, 2, 2, 632.20, 137873, 10, 0, 0
264, 150, 5, 9, 0, 0, 0.02%, 0, 2, 2, 662.72, 140538, 10, 0, 0
269, 153, 8, 9, 0, 0, 0.02%, 0, 2, 2, 590.57, 143323, 10, 0, 0
274, 157, 4, 9, 0, 0, 0.02%, 0, 2, 2, 94.89, 146401, 10, 0, 0
280, 161, 2, 9, 0, 0, 0.02%, 0, 2, 2, 574.92, 149626, 10, 0, 0
285, 164, 4, 9, 0, 0, 0.02%, 0, 2, 2, 451.30, 152371, 10, 0, 0
290, 167, 4, 9, 0, 0, 0.02%, 0, 2, 2, 487.40, 154909, 10, 0, 0
295, 170, 6, 9, 0, 0, 0.02%, 0, 2, 2, 558.25, 157679, 10, 0, 0
300, 174, 3, 9, 0, 0, 0.02%, 0, 2, 2, 827.80, 160779, 10, 0, 0
305, 177, 6, 9, 0, 0, 0.02%, 0, 2, 2, 600.59, 163626, 10, 0, 0
310, 181, 5, 9, 0, 0, 0.02%, 0, 2, 2, 369.91, 166870, 10, 0, 0
315, 184, 4, 9, 0, 0, 0.02%, 0, 2, 2, 457.66, 169344, 10, 0, 0
320, 187, 6, 9, 0, 0, 0.02%, 0, 2, 2, 596.82, 172148, 10, 0, 0
326, 191, 4, 9, 0, 0, 0.02%, 0, 2, 2, 609.34, 175261, 10, 0, 0
331, 194, 7, 9, 0, 0, 0.02%, 0, 2, 2, 214.31, 178120, 10, 0, 0
336, 198, 5, 9, 0, 0, 0.02%, 0, 2, 2, 518.91, 181309, 10, 0, 0
341, 202, 2, 9, 0, 0, 0.02%, 0, 2, 2, 518.40, 184479, 10, 0, 0
346, 205, 1, 9, 0, 0, 0.02%, 0, 2, 2, 599.97, 186871, 10, 0, 0
351, 208, 2, 9, 0, 0, 0.02%, 0, 2, 2, 561.58, 189576, 10, 0, 0
356, 210, 6, 9, 0, 0, 0.02%, 0, 2, 2, 920.19, 191693, 10, 0, 0
361, 213, 7, 9, 0, 0, 0.02%, 0, 2, 2, 652.22, 194261, 10, 0, 0
366, 217, 4, 9, 0, 0, 0.02%, 0, 2, 2, 905.99, 197367, 10, 0, 0
371, 219, 8, 9, 0, 0, 0.02%, 0, 2, 2, 313.81, 199479, 10, 0, 0
377, 223, 4, 9, 0, 0, 0.02%, 0, 2, 2, 682.99, 202463, 10, 0, 0
382, 226, 4, 9, 0, 0, 0.02%, 0, 2, 2, 792.67, 205047, 10, 0, 0
387, 229, 4, 9, 0, 0, 0.02%, 0, 2, 2, 398.89, 207591, 10, 0, 0
392, 232, 4, 9, 0, 0, 0.02%, 0, 2, 2, 495.16, 210189, 10, 0, 0
397, 236, 4, 9, 0, 0, 0.02%, 0, 2, 2, 608.65, 213583, 10, 0, 0
402, 240, 4, 9, 0, 0, 0.02%, 0, 2, 2, 121.79, 216951, 10, 0, 0
407, 243, 7, 9, 0, 0, 0.02%, 0, 2, 2, 512.65, 219769, 10, 0, 0
413, 246, 4, 9, 0, 0, 0.02%, 0, 2, 2, 450.73, 222089, 10, 0, 0
418, 250, 0, 9, 0, 0, 0.02%, 0, 2, 2, 538.26, 225049, 10, 0, 0
423, 253, 1, 9, 0, 0, 0.02%, 0, 2, 2, 619.01, 227709, 10, 0, 0
428, 256, 2, 9, 0, 0, 0.02%, 0, 2, 2, 559.93, 230354, 10, 0, 0
433, 259, 0, 9, 0, 0, 0.02%, 0, 2, 2, 505.50, 232709, 10, 0, 0
438, 262, 6, 9, 0, 0, 0.02%, 0, 2, 2, 605.00, 235803, 10, 0, 0
443, 266, 4, 9, 0, 0, 0.02%, 0, 2, 2, 829.69, 239016, 10, 0, 0
448, 269, 3, 9, 0, 0, 0.02%, 0, 2, 2, 668.09, 241548, 10, 0, 0
453, 272, 6, 9, 0, 0, 0.02%, 0, 2, 2, 585.27, 244387, 10, 0, 0
458, 275, 7, 9, 0, 0, 0.02%, 0, 2, 2, 729.36, 246971, 10, 0, 0
464, 278, 8, 9, 0, 0, 0.02%, 0, 2, 2, 667.43, 249640, 10, 0, 0
469, 282, 6, 9, 0, 0, 0.02%, 0, 2, 2, 361.80, 252829, 10, 0, 0
474, 285, 6, 9, 0, 0, 0.02%, 0, 2, 2, 495.55, 255385, 10, 0, 0
479, 289, 3, 9, 0, 0, 0.02%, 0, 2, 2, 596.62, 258526, 10, 0, 0
484, 292, 0, 9, 0, 0, 0.02%, 0, 2, 2, 223.28, 260711, 10, 0, 0
489, 295, 3, 9, 0, 0, 0.02%, 0, 2, 2, 524.16, 263558, 10, 0, 0
494, 298, 1, 9, 0, 0, 0.02%, 0, 2, 2, 646.04, 265990, 10, 0, 0
499, 301, 8, 9, 0, 0, 0.02%, 0, 2, 2, 750.17, 269159, 10, 0, 0
504, 305, 0, 9, 0, 0, 0.02%, 0, 2, 2, 621.08, 271797, 10, 0, 0
509, 308, 0, 9, 0, 0, 0.02%, 0, 2, 2, 653.76, 274390, 10, 0, 0
515, 311, 2, 9, 0, 0, 0.02%, 0, 2, 2, 402.60, 277139, 10, 0, 0
520, 314, 7, 9, 0, 0, 0.02%, 0, 2, 2, 150.74, 280113, 10, 0, 0
525, 318, 0, 9, 0, 0, 0.02%, 0, 2, 2, 462.88, 282879, 10, 0, 0
530, 321, 4, 9, 0, 0, 0.02%, 0, 2, 2, 548.31, 285759, 10, 0, 0
535, 325, 0, 9, 0, 0, 0.02%, 0, 2, 2, 587.93, 288848, 10, 0, 0
540, 328, 3, 9, 0, 0, 0.02%, 0, 2, 2, 544.24, 291639, 10, 0, 0
545, 331, 5, 9, 0, 0, 0.02%, 0, 2, 2, 547.69, 294404, 10, 0, 0
550, 334, 8, 9, 0, 0, 0.02%, 0, 2, 2, 604.57, 297161, 10, 0, 0
555, 338, 2, 9, 0, 0, 0.02%, 0, 2, 2, 733.63, 300083, 10, 0, 0
561, 341, 4, 9, 0, 0, 0.02%, 0, 2, 2, 561.36, 302815, 10, 0, 0
564, 344, 5, 9, 0, 0, 0.02%, 0, 2, 2, 673.60, 305327, 10, 0, 0
