# relative_time, cycles_done, cur_item, corpus_count, pending_total, pending_favs, map_size, saved_crashes, saved_hangs, max_depth, execs_per_sec, total_execs, edges_found, total_crashes, servers_count
61, 119, 4, 5, 0, 0, 0.01%, 0, 0, 3, 2049.90, 135087, 4, 0, 0
66, 125, 0, 5, 0, 0, 0.01%, 0, 0, 3, 2047.77, 145432, 4, 0, 0
65, 127, 4, 5, 0, 0, 0.01%, 0, 0, 3, 0.00, 148527, 4, 0, 0
70, 134, 1, 5, 0, 0, 0.01%, 0, 0, 3, 2038.30, 158782, 4, 0, 0
75, 142, 0, 5, 0, 0, 0.01%, 0, 0, 3, 2040.17, 169022, 4, 0, 0
80, 149, 4, 5, 0, 0, 0.01%, 0, 0, 3, 2030.57, 179527, 4, 0, 0
85, 156, 4, 5, 0, 0, 0.01%, 0, 0, 3, 2016.16, 189882, 4, 0, 0
90, 162, 4, 5, 0, 0, 0.01%, 0, 0, 3, 2029.75, 200107, 4, 0, 0
95, 169, 4, 5, 0, 0, 0.01%, 0, 0, 3, 2038.84, 210427, 4, 0, 0
95, 170, 4, 5, 0, 0, 0.01%, 0, 0, 3, 0.00, 214017, 4, 0, 0
100, 177, 4, 5, 0, 0, 0.01%, 0, 0, 3, 2032.39, 224262, 4, 0, 0
105, 185, 0, 5, 0, 0, 0.01%, 0, 0, 3, 2018.61, 234772, 4, 0, 0
110, 191, 1, 5, 0, 0, 0.01%, 0, 0, 3, 2013.31, 245212, 4, 0, 0
115, 198, 4, 5, 0, 0, 0.01%, 0, 0, 3, 2018.74, 255466, 4, 0, 0
120, 205, 4, 5, 0, 0, 0.01%, 0, 0, 3, 2004.59, 265592, 4, 0, 0
125, 212, 4, 5, 0, 0, 0.01%, 0, 0, 3, 1980.29, 275556, 4, 0, 0
124, 214, 4, 5, 0, 0, 0.01%, 0, 0, 3, 0.00, 278918, 4, 0, 0
130, 221, 1, 5, 0, 0, 0.01%, 0, 0, 3, 2026.62, 289166, 4, 0, 0
135, 227, 4, 5, 0, 0, 0.01%, 0, 0, 3, 2023.88, 299322, 4, 0, 0
140, 234, 4, 5, 0, 0, 0.01%, 0, 0, 3, 2038.09, 309877, 4, 0, 0
145, 242, 0, 5, 0, 0, 0.01%, 0, 0, 3, 2026.38, 320147, 4, 0, 0
150, 249, 1, 5, 0, 0, 0.01%, 0, 0, 3, 2017.45, 330382, 4, 0, 0
155, 256, 1, 5, 0, 0, 0.01%, 0, 0, 3, 2024.37, 340897, 4, 0, 0
154, 258, 1, 5, 0, 0, 0.01%, 0, 0, 3, 0.00, 344141, 4, 0, 0
159, 265, 1, 5, 0, 0, 0.01%, 0, 0, 3, 2032.51, 354282, 4, 0, 0
164, 271, 4, 5, 0, 0, 0.01%, 0, 0, 3, 2020.59, 364792, 4, 0, 0
169, 278, 4, 5, 0, 0, 0.01%, 0, 0, 3, 2037.80, 375066, 4, 0, 0
174, 287, 4, 5, 0, 0, 0.01%, 0, 0, 3, 2024.02, 385216, 4, 0, 0
180, 294, 0, 5, 0, 0, 0.01%, 0, 0, 3, 2032.17, 395457, 4, 0, 0
185, 300, 1, 5, 0, 0, 0.01%, 0, 0, 3, 2042.04, 406037, 4, 0, 0
184, 302, 4, 5, 0, 0, 0.01%, 0, 0, 3, 0.00, 409645, 4, 0, 0
189, 308, 4, 5, 0, 0, 0.01%, 0, 0, 3, 2023.03, 419852, 4, 0, 0
194, 315, 1, 5, 0, 0, 0.01%, 0, 0, 3, 2034.15, 430041, 4, 0, 0
199, 321, 4, 5, 0, 0, 0.01%, 0, 0, 3, 2032.22, 440566, 4, 0, 0
204, 327, 0, 5, 0, 0, 0.01%, 0, 0, 3, 2021.77, 450741, 4, 0, 0
209, 336, 4, 5, 0, 0, 0.01%, 0, 0, 3, 2035.20, 461342, 4, 0, 0
214, 343, 4, 5, 0, 0, 0.01%, 0, 0, 3, 2037.26, 471602, 4, 0, 0
214, 346, 4, 5, 0, 0, 0.01%, 0, 0, 3, 0.00, 475236, 4, 0, 0
219, 353, 4, 5, 0, 0, 0.01%, 0, 0, 3, 2030.27, 485872, 4, 0, 0
224, 360, 4, 5, 0, 0, 0.01%, 0, 0, 3, 2037.63, 496177, 4, 0, 0
229, 366, 1, 5, 0, 0, 0.01%, 0, 0, 3, 2035.43, 506391, 4, 0, 0
234, 374, 1, 5, 0, 0, 0.01%, 0, 0, 3, 2048.48, 517016, 4, 0, 0
239, 381, 1, 5, 0, 0, 0.01%, 0, 0, 3, 2052.26, 527324, 4, 0, 0
244, 389, 0, 5, 0, 0, 0.01%, 0, 0, 3, 2068.79, 537699, 4, 0, 0
243, 392, 1, 5, 0, 0, 0.01%, 0, 0, 3, 0.00, 541283, 4, 0, 0
249, 399, 4, 5, 0, 0, 0.01%, 0, 0, 3, 2058.81, 551981, 4, 0, 0
254, 406, 4, 5, 0, 0, 0.01%, 0, 0, 3, 2048.60, 562686, 4, 0, 0
259, 413, 1, 5, 0, 0, 0.01%, 0, 0, 3, 2049.95, 572937, 4, 0, 0
264, 420, 0, 5, 0, 0, 0.01%, 0, 0, 3, 2050.88, 583607, 4, 0, 0
269, 426, 1, 5, 0, 0, 0.01%, 0, 0, 3, 2017.22, 593587, 4, 0, 0
274, 433, 0, 5, 0, 0, 0.01%, 0, 0, 3, 2052.37, 603899, 4, 0, 0
273, 435, 2, 5, 0, 0, 0.01%, 0, 0, 3, 0.00, 607091, 4, 0, 0
278, 444, 4, 5, 0, 0, 0.01%, 0, 0, 3, 2050.61, 617362, 4, 0, 0
283, 451, 4, 5, 0, 0, 0.01%, 0, 0, 3, 2045.62, 628056, 4, 0, 0
288, 458, 4, 5, 0, 0, 0.01%, 0, 0, 3, 2053.05, 638332, 4, 0, 0
293, 465, 4, 5, 0, 0, 0.01%, 0, 0, 3, 2074.20, 648795, 4, 0, 0
299, 473, 2, 5, 0, 0, 0.01%, 0, 0, 3, 2050.90, 659066, 4, 0, 0
304, 480, 1, 5, 0, 0, 0.01%, 0, 0, 3, 2054.37, 669399, 4, 0, 0
303, 483, 1, 5, 0, 0, 0.01%, 0, 0, 3, 0.00, 673365, 4, 0, 0
308, 491, 4, 5, 0, 0, 0.01%, 0, 0, 3, 2064.64, 684047, 4, 0, 0
313, 497, 4, 5, 0, 0, 0.01%, 0, 0, 3, 2066.88, 694440, 4, 0, 0
318, 503, 0, 5, 0, 0, 0.01%, 0, 0, 3, 2046.48, 704716, 4, 0, 0
323, 510, 4, 5, 0, 0, 0.01%, 0, 0, 3, 2039.64, 715037, 4, 0, 0
328, 517, 4, 5, 0, 0, 0.01%, 0, 0, 3, 2056.96, 725395, 4, 0, 0
333, 523, 1, 5, 0, 0, 0.01%, 0, 0, 3, 2060.46, 735790, 4, 0, 0
333, 526, 4, 5, 0, 0, 0.01%, 0, 0, 3, 0.00, 739683, 4, 0, 0
338, 532, 1, 5, 0, 0, 0.01%, 0, 0, 3, 2052.95, 750091, 4, 0, 0
343, 539, 4, 5, 0, 0, 0.01%, 0, 0, 3, 2048.34, 760422, 4, 0, 0
348, 546, 4, 5, 0, 0, 0.01%, 0, 0, 3, 2036.01, 770712, 4, 0, 0
353, 553, 1, 5, 0, 0, 0.01%, 0, 0, 3, 2055.81, 781024, 4, 0, 0
358, 561, 4, 5, 0, 0, 0.01%, 0, 0, 3, 2044.06, 791266, 4, 0, 0
363, 568, 4, 5, 0, 0, 0.01%, 0, 0, 3, 2045.21, 801922, 4, 0, 0
363, 570, 4, 5, 0, 0, 0.01%, 0, 0, 3, 0.00, 805647, 4, 0, 0
368, 578, 4, 5, 0, 0, 0.01%, 0, 0, 3, 2063.79, 816422, 4, 0, 0
373, 585, 4, 5, 0, 0, 0.01%, 0, 0, 3, 2053.96, 826691, 4, 0, 0
378, 592, 4, 5, 0, 0, 0.01%, 0, 0, 3, 2048.81, 836997, 4, 0, 0
383, 599, 4, 5, 0, 0, 0.01%, 0, 0, 3, 2055.75, 847645, 4, 0, 0
388, 605, 4, 5, 0, 0, 0.01%, 0, 0, 3, 2041.25, 857877, 4, 0, 0
393, 612, 0, 5, 0, 0, 0.01%, 0, 0, 3, 2040.90, 868472, 4, 0, 0
392, 614, 4, 5, 0, 0, 0.01%, 0, 0, 3, 0.00, 871762, 4, 0, 0
397, 622, 4, 5, 0, 0, 0.01%, 0, 0, 3, 2039.08, 882352, 4, 0, 0
402, 629, 4, 5, 0, 0, 0.01%, 0, 0, 3, 2047.06, 892647, 4, 0, 0
407, 635, 4, 5, 0, 0, 0.01%, 0, 0, 3, 2034.24, 902837, 4, 0, 0
413, 643, 1, 5, 0, 0, 0.01%, 0, 0, 3, 2055.75, 913524, 4, 0, 0
418, 649, 4, 5, 0, 0, 0.01%, 0, 0, 3, 2031.26, 923672, 4, 0, 0
423, 655, 0, 5, 0, 0, 0.01%, 0, 0, 3, 2060.79, 934024, 4, 0, 0
422, 657, 4, 5, 0, 0, 0.01%, 0, 0, 3, 0.00, 937749, 4, 0, 0
427, 663, 4, 5, 0, 0, 0.01%, 0, 0, 3, 2057.45, 948088, 4, 0, 0
432, 669, 4, 5, 0, 0, 0.01%, 0, 0, 3, 2058.20, 958506, 4, 0, 0
437, 677, 4, 5, 0, 0, 0.01%, 0, 0, 3, 2047.38, 969032, 4, 0, 0
442, 683, 1, 5, 0, 0, 0.01%, 0, 0, 3, 2058.38, 979733, 4, 0, 0
447, 690, 4, 5, 0, 0, 0.01%, 0, 0, 3, 2060.96, 990111, 4, 0, 0
452, 698, 1, 5, 0, 0, 0.01%, 0, 0, 3, 2066.47, 1000515, 4, 0, 0
452, 701, 4, 5, 0, 0, 0.01%, 0, 0, 3, 0.00, 1004090, 4, 0, 0
457, 708, 1, 5, 0, 0, 0.01%, 0, 0, 3, 2050.13, 1014391, 4, 0, 0
462, 715, 4, 5, 0, 0, 0.01%, 0, 0, 3, 2050.66, 1024704, 4, 0, 0
467, 722, 4, 5, 0, 0, 0.01%, 0, 0, 3, 2070.92, 1035483, 4, 0, 0
472, 729, 4, 5, 0, 0, 0.01%, 0, 0, 3, 2067.34, 1045936, 4, 0, 0
477, 737, 4, 5, 0, 0, 0.01%, 0, 0, 3, 2054.43, 1056222, 4, 0, 0
482, 744, 0, 5, 0, 0, 0.01%, 0, 0, 3, 2048.48, 1066916, 4, 0, 0
481, 747, 1, 5, 0, 0, 0.01%, 0, 0, 3, 0.00, 1070316, 4, 0, 0
487, 753, 1, 5, 0, 0, 0.01%, 0, 0, 3, 2001.71, 1080334, 4, 0, 0
492, 760, 1, 5, 0, 0, 0.01%, 0, 0, 3, 2042.10, 1090691, 4, 0, 0
497, 766, 4, 5, 0, 0, 0.01%, 0, 0, 3, 2061.85, 1101045, 4, 0, 0
502, 774, 0, 5, 0, 0, 0.01%, 0, 0, 3, 2052.72, 1111783, 4, 0, 0
507, 780, 1, 5, 0, 0, 0.01%, 0, 0, 3, 2076.72, 1122233, 4, 0, 0
512, 787, 4, 5, 0, 0, 0.01%, 0, 0, 3, 2059.78, 1132613, 4, 0, 0
511, 789, 4, 5, 0, 0, 0.01%, 0, 0, 3, 0.00, 1136554, 4, 0, 0
516, 796, 4, 5, 0, 0, 0.01%, 0, 0, 3, 2060.55, 1146979, 4, 0, 0
521, 802, 4, 5, 0, 0, 0.01%, 0, 0, 3, 2046.56, 1157187, 4, 0, 0
526, 810, 0, 5, 0, 0, 0.01%, 0, 0, 3, 2046.35, 1167472, 4, 0, 0
531, 818, 1, 5, 0, 0, 0.01%, 0, 0, 3, 2041.54, 1177722, 4, 0, 0
537, 825, 0, 5, 0, 0, 0.01%, 0, 0, 3, 2012.10, 1188182, 4, 0, 0
542, 832, 4, 5, 0, 0, 0.01%, 0, 0, 3, 2027.91, 1198452, 4, 0, 0
541, 835, 1, 5, 0, 0, 0.01%, 0, 0, 3, 0.00, 1202287, 4, 0, 0
546, 842, 0, 5, 0, 0, 0.01%, 0, 0, 3, 2062.33, 1212591, 4, 0, 0
551, 850, 4, 5, 0, 0, 0.01%, 0, 0, 3, 2067.76, 1222925, 4, 0, 0
