# relative_time, cycles_done, cur_item, corpus_count, pending_total, pending_favs, map_size, saved_crashes, saved_hangs, max_depth, execs_per_sec, total_execs, edges_found, total_crashes, servers_count
61, 241, 4, 5, 0, 0, 0.01%, 0, 0, 2, 2368.46, 140694, 4, 0, 0
66, 262, 4, 5, 0, 0, 0.01%, 0, 0, 2, 2321.66, 152767, 4, 0, 0
71, 283, 1, 5, 0, 0, 0.01%, 0, 0, 2, 2310.82, 164421, 4, 0, 0
76, 303, 1, 5, 0, 0, 0.01%, 0, 0, 2, 2295.18, 175920, 4, 0, 0
81, 321, 0, 5, 0, 0, 0.01%, 0, 0, 2, 2068.78, 186166, 4, 0, 0
86, 340, 2, 5, 0, 0, 0.01%, 0, 0, 2, 2153.75, 197374, 4, 0, 0
91, 361, 0, 5, 0, 0, 0.01%, 0, 0, 2, 1990.98, 209224, 4, 0, 0
96, 380, 4, 5, 0, 0, 0.01%, 0, 0, 2, 2216.44, 220569, 4, 0, 0
101, 400, 3, 5, 0, 0, 0.01%, 0, 0, 2, 2272.46, 232024, 4, 0, 0
106, 421, 3, 5, 0, 0, 0.01%, 0, 0, 2, 2332.13, 243996, 4, 0, 0
111, 441, 2, 5, 0, 0, 0.01%, 0, 0, 2, 2286.99, 255449, 4, 0, 0
116, 461, 3, 5, 0, 0, 0.01%, 0, 0, 2, 2260.17, 267040, 4, 0, 0
121, 481, 4, 5, 0, 0, 0.01%, 0, 0, 2, 2313.70, 278692, 4, 0, 0
126, 504, 4, 5, 0, 0, 0.01%, 0, 0, 2, 2238.35, 291913, 4, 0, 0
132, 524, 3, 5, 0, 0, 0.01%, 0, 0, 2, 2189.38, 303324, 4, 0, 0
137, 543, 2, 5, 0, 0, 0.01%, 0, 0, 2, 2173.34, 314068, 4, 0, 0
142, 563, 1, 5, 0, 0, 0.01%, 0, 0, 2, 2216.56, 325419, 4, 0, 0
147, 582, 4, 5, 0, 0, 0.01%, 0, 0, 2, 2252.61, 336720, 4, 0, 0
152, 603, 0, 5, 0, 0, 0.01%, 0, 0, 2, 2227.97, 348319, 4, 0, 0
157, 626, 1, 5, 0, 0, 0.01%, 0, 0, 2, 2272.28, 361645, 4, 0, 0
162, 645, 3, 5, 0, 0, 0.01%, 0, 0, 2, 2215.47, 372794, 4, 0, 0
167, 665, 0, 5, 0, 0, 0.01%, 0, 0, 2, 2213.84, 383969, 4, 0, 0
172, 684, 2, 5, 0, 0, 0.01%, 0, 0, 2, 2231.09, 395174, 4, 0, 0
177, 704, 0, 5, 0, 0, 0.01%, 0, 0, 2, 2226.00, 406394, 4, 0, 0
182, 722, 3, 5, 0, 0, 0.01%, 0, 0, 2, 2168.86, 417154, 4, 0, 0
231, 725, 0, 5, 0, 0, 0.01%, 0, 0, 2, 0.27, 418524, 4, 0, 0
237, 746, 2, 5, 0, 0, 0.01%, 0, 0, 2, 2275.32, 430824, 4, 0, 0
242, 767, 4, 5, 0, 0, 0.01%, 0, 0, 2, 2356.54, 443097, 4, 0, 0
244, 778, 2, 5, 0, 0, 0.01%, 0, 0, 2, 2382.86, 449103, 4, 0, 0
