# relative_time, cycles_done, cur_item, corpus_count, pending_total, pending_favs, map_size, saved_crashes, saved_hangs, max_depth, execs_per_sec, total_execs, edges_found, total_crashes, servers_count
61, 543, 1, 2, 0, 0, 0.01%, 0, 0, 2, 3313.54, 217711, 4, 0, 0
66, 585, 1, 2, 0, 0, 0.01%, 0, 0, 2, 3290.19, 234410, 4, 0, 0
71, 627, 1, 2, 0, 0, 0.01%, 0, 0, 2, 3276.57, 251110, 4, 0, 0
76, 668, 1, 2, 0, 0, 0.01%, 0, 0, 2, 3278.39, 267710, 4, 0, 0
76, 687, 1, 2, 0, 0, 0.01%, 0, 0, 2, 0.00, 275310, 4, 0, 0
81, 728, 1, 2, 0, 0, 0.01%, 0, 0, 2, 3251.56, 291610, 4, 0, 0
86, 770, 1, 2, 0, 0, 0.01%, 0, 0, 2, 3317.99, 308411, 4, 0, 0
91, 811, 1, 2, 0, 0, 0.01%, 0, 0, 2, 3292.65, 324944, 4, 0, 0
96, 853, 1, 2, 0, 0, 0.01%, 0, 0, 2, 3286.55, 341710, 4, 0, 0
101, 894, 0, 2, 0, 0, 0.01%, 0, 0, 2, 3254.63, 358144, 4, 0, 0
106, 936, 1, 2, 0, 0, 0.01%, 0, 0, 2, 3292.48, 374710, 4, 0, 0
106, 952, 1, 2, 0, 0, 0.01%, 0, 0, 2, 0.00, 381010, 4, 0, 0
111, 992, 1, 2, 0, 0, 0.01%, 0, 0, 2, 3225.48, 397309, 4, 0, 0
116, 1034, 1, 2, 0, 0, 0.01%, 0, 0, 2, 3278.96, 414010, 4, 0, 0
121, 1073, 0, 2, 0, 0, 0.01%, 0, 0, 2, 3128.00, 429644, 4, 0, 0
126, 1113, 1, 2, 0, 0, 0.01%, 0, 0, 2, 3123.82, 445744, 4, 0, 0
131, 1153, 1, 2, 0, 0, 0.01%, 0, 0, 2, 3143.57, 461444, 4, 0, 0
136, 1193, 1, 2, 0, 0, 0.01%, 0, 0, 2, 3145.63, 477744, 4, 0, 0
136, 1206, 1, 2, 0, 0, 0.01%, 0, 0, 2, 0.00, 482908, 4, 0, 0
141, 1246, 1, 2, 0, 0, 0.01%, 0, 0, 2, 3146.76, 498807, 4, 0, 0
146, 1285, 1, 2, 0, 0, 0.01%, 0, 0, 2, 3144.80, 514544, 4, 0, 0
151, 1324, 1, 2, 0, 0, 0.01%, 0, 0, 2, 3112.21, 530144, 4, 0, 0
156, 1365, 1, 2, 0, 0, 0.01%, 0, 0, 2, 3146.41, 546444, 4, 0, 0
161, 1406, 1, 2, 0, 0, 0.01%, 0, 0, 2, 3151.08, 562844, 4, 0, 0
166, 1447, 1, 2, 0, 0, 0.01%, 0, 0, 2, 3151.88, 579144, 4, 0, 0
166, 1460, 1, 2, 0, 0, 0.01%, 0, 0, 2, 0.00, 584344, 4, 0, 0
171, 1501, 1, 2, 0, 0, 0.01%, 0, 0, 2, 3153.90, 600807, 4, 0, 0
176, 1543, 1, 2, 0, 0, 0.01%, 0, 0, 2, 3228.52, 617709, 4, 0, 0
181, 1584, 1, 2, 0, 0, 0.01%, 0, 0, 2, 3232.37, 634009, 4, 0, 0
186, 1624, 1, 2, 0, 0, 0.01%, 0, 0, 2, 3171.57, 649944, 4, 0, 0
191, 1665, 1, 2, 0, 0, 0.01%, 0, 0, 2, 3175.83, 666408, 4, 0, 0
196, 1706, 1, 2, 0, 0, 0.01%, 0, 0, 2, 3201.24, 682709, 4, 0, 0
196, 1718, 1, 2, 0, 0, 0.01%, 0, 0, 2, 0.00, 687408, 4, 0, 0
201, 1758, 1, 2, 0, 0, 0.01%, 0, 0, 2, 3122.90, 703707, 4, 0, 0
206, 1798, 1, 2, 0, 0, 0.01%, 0, 0, 2, 3193.47, 719608, 4, 0, 0
211, 1838, 1, 2, 0, 0, 0.01%, 0, 0, 2, 3185.09, 735608, 4, 0, 0
216, 1878, 1, 2, 0, 0, 0.01%, 0, 0, 2, 3165.91, 751408, 4, 0, 0
221, 1918, 1, 2, 0, 0, 0.01%, 0, 0, 2, 3167.73, 767708, 4, 0, 0
226, 1959, 1, 2, 0, 0, 0.01%, 0, 0, 2, 3204.60, 783808, 4, 0, 0
225, 1973, 1, 2, 0, 0, 0.01%, 0, 0, 2, 0.00, 789608, 4, 0, 0
231, 2014, 1, 2, 0, 0, 0.01%, 0, 0, 2, 3181.15, 806108, 4, 0, 0
236, 2056, 0, 2, 0, 0, 0.01%, 0, 0, 2, 3176.18, 822608, 4, 0, 0
241, 2097, 1, 2, 0, 0, 0.01%, 0, 0, 2, 3182.86, 839208, 4, 0, 0
246, 2138, 1, 2, 0, 0, 0.01%, 0, 0, 2, 3159.42, 855508, 4, 0, 0
251, 2178, 1, 2, 0, 0, 0.01%, 0, 0, 2, 3166.78, 871608, 4, 0, 0
257, 2220, 1, 2, 0, 0, 0.01%, 0, 0, 2, 3179.10, 888208, 4, 0, 0
255, 2229, 1, 2, 0, 0, 0.01%, 0, 0, 2, 0.00, 891908, 4, 0, 0
260, 2268, 1, 2, 0, 0, 0.01%, 0, 0, 2, 3142.43, 907507, 4, 0, 0
265, 2309, 1, 2, 0, 0, 0.01%, 0, 0, 2, 3208.57, 923844, 4, 0, 0
270, 2348, 1, 2, 0, 0, 0.01%, 0, 0, 2, 3177.03, 939708, 4, 0, 0
276, 2389, 1, 2, 0, 0, 0.01%, 0, 0, 2, 3160.22, 956144, 4, 0, 0
281, 2430, 1, 2, 0, 0, 0.01%, 0, 0, 2, 3179.78, 972208, 4, 0, 0
286, 2470, 1, 2, 0, 0, 0.01%, 0, 0, 2, 3190.70, 988508, 4, 0, 0
285, 2485, 1, 2, 0, 0, 0.01%, 0, 0, 2, 0.00, 994308, 4, 0, 0
290, 2526, 1, 2, 0, 0, 0.01%, 0, 0, 2, 3237.86, 1010809, 4, 0, 0
295, 2569, 1, 2, 0, 0, 0.01%, 0, 0, 2, 3397.18, 1027812, 4, 0, 0
300, 2610, 1, 2, 0, 0, 0.01%, 0, 0, 2, 3303.76, 1044311, 4, 0, 0
305, 2651, 1, 2, 0, 0, 0.01%, 0, 0, 2, 3267.88, 1060710, 4, 0, 0
310, 2692, 1, 2, 0, 0, 0.01%, 0, 0, 2, 3262.60, 1077210, 4, 0, 0
315, 2733, 1, 2, 0, 0, 0.01%, 0, 0, 2, 3236.96, 1093409, 4, 0, 0
315, 2748, 1, 2, 0, 0, 0.01%, 0, 0, 2, 0.00, 1099708, 4, 0, 0
320, 2788, 0, 2, 0, 0, 0.01%, 0, 0, 2, 3149.66, 1115544, 4, 0, 0
325, 2828, 1, 2, 0, 0, 0.01%, 0, 0, 2, 3200.62, 1131708, 4, 0, 0
330, 2870, 1, 2, 0, 0, 0.01%, 0, 0, 2, 3215.00, 1148509, 4, 0, 0
335, 2911, 1, 2, 0, 0, 0.01%, 0, 0, 2, 3213.77, 1164844, 4, 0, 0
340, 2952, 1, 2, 0, 0, 0.01%, 0, 0, 2, 3217.15, 1181009, 4, 0, 0
345, 2993, 1, 2, 0, 0, 0.01%, 0, 0, 2, 3281.65, 1197610, 4, 0, 0
345, 3008, 1, 2, 0, 0, 0.01%, 0, 0, 2, 0.00, 1203510, 4, 0, 0
350, 3049, 0, 2, 0, 0, 0.01%, 0, 0, 2, 3257.27, 1219910, 4, 0, 0
355, 3091, 1, 2, 0, 0, 0.01%, 0, 0, 2, 3249.00, 1236810, 4, 0, 0
360, 3133, 1, 2, 0, 0, 0.01%, 0, 0, 2, 3304.60, 1253511, 4, 0, 0
365, 3174, 1, 2, 0, 0, 0.01%, 0, 0, 2, 3224.13, 1270109, 4, 0, 0
370, 3215, 0, 2, 0, 0, 0.01%, 0, 0, 2, 3246.46, 1286409, 4, 0, 0
375, 3257, 1, 2, 0, 0, 0.01%, 0, 0, 2, 3262.27, 1303010, 4, 0, 0
375, 3270, 1, 2, 0, 0, 0.01%, 0, 0, 2, 0.00, 1308244, 4, 0, 0
380, 3312, 1, 2, 0, 0, 0.01%, 0, 0, 2, 3247.85, 1325009, 4, 0, 0
385, 3353, 1, 2, 0, 0, 0.01%, 0, 0, 2, 3296.25, 1341510, 4, 0, 0
390, 3394, 1, 2, 0, 0, 0.01%, 0, 0, 2, 3222.41, 1358109, 4, 0, 0
395, 3435, 1, 2, 0, 0, 0.01%, 0, 0, 2, 3220.80, 1374409, 4, 0, 0
400, 3475, 1, 2, 0, 0, 0.01%, 0, 0, 2, 3205.41, 1390544, 4, 0, 0
405, 3516, 1, 2, 0, 0, 0.01%, 0, 0, 2, 3168.73, 1406608, 4, 0, 0
405, 3529, 1, 2, 0, 0, 0.01%, 0, 0, 2, 0.00, 1412108, 4, 0, 0
410, 3570, 1, 2, 0, 0, 0.01%, 0, 0, 2, 3187.57, 1428208, 4, 0, 0
415, 3611, 1, 2, 0, 0, 0.01%, 0, 0, 2, 3195.91, 1444808, 4, 0, 0
420, 3653, 1, 2, 0, 0, 0.01%, 0, 0, 2, 3224.36, 1461544, 4, 0, 0
425, 3693, 1, 2, 0, 0, 0.01%, 0, 0, 2, 3252.94, 1477709, 4, 0, 0
430, 3735, 1, 2, 0, 0, 0.01%, 0, 0, 2, 3226.15, 1494409, 4, 0, 0
435, 3777, 1, 2, 0, 0, 0.01%, 0, 0, 2, 3275.45, 1511010, 4, 0, 0
434, 3789, 1, 2, 0, 0, 0.01%, 0, 0, 2, 0.00, 1516009, 4, 0, 0
439, 3830, 0, 2, 0, 0, 0.01%, 0, 0, 2, 3258.00, 1532510, 4, 0, 0
444, 3871, 1, 2, 0, 0, 0.01%, 0, 0, 2, 3235.49, 1548709, 4, 0, 0
450, 3913, 1, 2, 0, 0, 0.01%, 0, 0, 2, 3264.46, 1565610, 4, 0, 0
455, 3954, 1, 2, 0, 0, 0.01%, 0, 0, 2, 3202.27, 1581909, 4, 0, 0
460, 3995, 1, 2, 0, 0, 0.01%, 0, 0, 2, 3215.42, 1598244, 4, 0, 0
465, 4037, 1, 2, 0, 0, 0.01%, 0, 0, 2, 3247.21, 1615009, 4, 0, 0
464, 4050, 1, 2, 0, 0, 0.01%, 0, 0, 2, 0.00, 1620410, 4, 0, 0
469, 4090, 0, 2, 0, 0, 0.01%, 0, 0, 2, 3187.85, 1636444, 4, 0, 0
474, 4131, 1, 2, 0, 0, 0.01%, 0, 0, 2, 3257.50, 1652810, 4, 0, 0
479, 4173, 1, 2, 0, 0, 0.01%, 0, 0, 2, 3247.11, 1669410, 4, 0, 0
485, 4214, 1, 2, 0, 0, 0.01%, 0, 0, 2, 3202.09, 1686008, 4, 0, 0
490, 4254, 1, 2, 0, 0, 0.01%, 0, 0, 2, 3179.36, 1701908, 4, 0, 0
495, 4294, 1, 2, 0, 0, 0.01%, 0, 0, 2, 3163.16, 1717908, 4, 0, 0
494, 4308, 1, 2, 0, 0, 0.01%, 0, 0, 2, 0.00, 1723744, 4, 0, 0
499, 4350, 1, 2, 0, 0, 0.01%, 0, 0, 2, 3226.17, 1740344, 4, 0, 0
504, 4391, 1, 2, 0, 0, 0.01%, 0, 0, 2, 3213.05, 1756609, 4, 0, 0
509, 4431, 1, 2, 0, 0, 0.01%, 0, 0, 2, 3226.47, 1772909, 4, 0, 0
514, 4472, 1, 2, 0, 0, 0.01%, 0, 0, 2, 3253.43, 1789209, 4, 0, 0
519, 4513, 1, 2, 0, 0, 0.01%, 0, 0, 2, 3241.16, 1805509, 4, 0, 0
524, 4553, 1, 2, 0, 0, 0.01%, 0, 0, 2, 3211.59, 1821644, 4, 0, 0
524, 4569, 1, 2, 0, 0, 0.01%, 0, 0, 2, 0.00, 1828108, 4, 0, 0
529, 4609, 0, 2, 0, 0, 0.01%, 0, 0, 2, 3143.73, 1843844, 4, 0, 0
534, 4650, 1, 2, 0, 0, 0.01%, 0, 0, 2, 3204.03, 1860508, 4, 0, 0
539, 4692, 1, 2, 0, 0, 0.01%, 0, 0, 2, 3236.72, 1877009, 4, 0, 0
544, 4731, 1, 2, 0, 0, 0.01%, 0, 0, 2, 3154.47, 1892944, 4, 0, 0
549, 4771, 1, 2, 0, 0, 0.01%, 0, 0, 2, 3153.96, 1908745, 4, 0, 0
554, 4811, 1, 2, 0, 0, 0.01%, 0, 0, 2, 3227.76, 1924944, 4, 0, 0
556, 4824, 1, 2, 0, 0, 0.01%, 0, 0, 2, 3209.66, 1929846, 4, 0, 0
