# relative_time, cycles_done, cur_item, corpus_count, pending_total, pending_favs, map_size, saved_crashes, saved_hangs, max_depth, execs_per_sec, total_execs, edges_found, total_crashes, servers_count
61, 52, 1, 13, 0, 0, 0.01%, 2, 2, 2, 340.14, 23825, 9, 2045, 0
66, 57, 1, 13, 0, 0, 0.01%, 2, 2, 2, 337.99, 25606, 9, 2196, 0
71, 61, 10, 13, 0, 0, 0.01%, 2, 2, 2, 308.17, 27161, 9, 2336, 0
76, 67, 10, 13, 0, 0, 0.01%, 2, 2, 2, 334.99, 28954, 9, 2511, 0
81, 72, 10, 13, 0, 0, 0.01%, 2, 2, 2, 338.84, 30717, 9, 2686, 0
87, 79, 10, 13, 0, 0, 0.01%, 2, 2, 2, 183.86, 32780, 9, 2886, 0
92, 85, 2, 13, 0, 0, 0.01%, 2, 2, 2, 299.46, 34404, 9, 3081, 0
97, 91, 10, 13, 0, 0, 0.01%, 2, 2, 2, 347.67, 36322, 9, 3266, 0
102, 96, 10, 13, 0, 0, 0.01%, 2, 2, 2, 307.50, 37852, 9, 3426, 0
107, 102, 2, 13, 0, 0, 0.01%, 2, 2, 2, 354.69, 39746, 9, 3597, 0
112, 108, 1, 13, 0, 0, 0.01%, 2, 2, 2, 333.57, 41424, 9, 3794, 0
117, 113, 10, 13, 0, 0, 0.01%, 2, 2, 2, 295.82, 43345, 9, 3964, 0
122, 119, 1, 13, 0, 0, 0.01%, 2, 2, 2, 327.23, 45001, 9, 4132, 0
128, 124, 10, 13, 0, 0, 0.01%, 2, 2, 2, 313.28, 46637, 9, 4311, 0
133, 130, 1, 13, 0, 0, 0.01%, 2, 2, 2, 302.87, 48253, 9, 4496, 0
138, 135, 1, 13, 0, 0, 0.01%, 2, 2, 2, 356.68, 50110, 9, 4628, 0
143, 140, 2, 13, 0, 0, 0.01%, 2, 2, 2, 355.68, 51880, 9, 4791, 0
197, 143, 2, 13, 0, 0, 0.01%, 2, 2, 2, 0.12, 53012, 9, 4925, 0
202, 149, 1, 13, 0, 0, 0.01%, 2, 2, 2, 334.06, 54620, 9, 5095, 0
236, 151, 10, 13, 0, 0, 0.01%, 2, 2, 2, 0.19, 55530, 9, 5162, 0
241, 157, 2, 13, 0, 0, 0.01%, 2, 2, 2, 338.94, 57304, 9, 5310, 0
246, 162, 10, 13, 0, 0, 0.01%, 2, 2, 2, 354.65, 59223, 9, 5498, 0
251, 167, 10, 13, 0, 0, 0.01%, 2, 2, 2, 350.67, 60926, 9, 5688, 0
256, 173, 10, 13, 0, 0, 0.01%, 2, 2, 2, 367.57, 62827, 9, 5884, 0
261, 178, 10, 13, 0, 0, 0.01%, 2, 2, 2, 330.12, 64425, 9, 6065, 0
266, 184, 1, 13, 0, 0, 0.01%, 2, 2, 2, 302.10, 65893, 9, 6231, 0
272, 188, 10, 13, 0, 0, 0.01%, 2, 2, 2, 310.79, 67511, 9, 6392, 0
277, 193, 10, 13, 0, 0, 0.01%, 2, 2, 2, 342.71, 69440, 9, 6573, 0
282, 199, 10, 13, 0, 0, 0.01%, 2, 2, 2, 331.68, 71232, 9, 6752, 0
287, 204, 10, 13, 0, 0, 0.01%, 2, 2, 2, 349.52, 73051, 9, 6948, 0
292, 209, 10, 13, 0, 0, 0.01%, 2, 2, 2, 334.79, 74874, 9, 7148, 0
297, 215, 1, 13, 0, 0, 0.01%, 2, 2, 2, 349.29, 76591, 9, 7333, 0
302, 220, 10, 13, 0, 0, 0.01%, 2, 2, 2, 333.57, 78279, 9, 7487, 0
307, 226, 6, 13, 0, 0, 0.01%, 2, 2, 2, 335.28, 80155, 9, 7665, 0
312, 231, 2, 13, 0, 0, 0.01%, 2, 2, 2, 348.03, 81853, 9, 7846, 0
318, 235, 12, 13, 0, 0, 0.01%, 2, 2, 2, 325.99, 83484, 9, 8026, 0
323, 241, 1, 13, 0, 0, 0.01%, 2, 2, 2, 304.07, 85059, 9, 8151, 0
328, 246, 1, 13, 0, 0, 0.01%, 2, 2, 2, 275.78, 86467, 9, 8290, 0
333, 251, 1, 13, 0, 0, 0.01%, 2, 2, 2, 335.66, 88266, 9, 8447, 0
338, 257, 2, 13, 0, 0, 0.01%, 2, 2, 2, 263.32, 90182, 9, 8674, 0
343, 262, 10, 13, 0, 0, 0.01%, 2, 2, 2, 337.81, 91929, 9, 8813, 0
348, 267, 10, 13, 0, 0, 0.01%, 2, 2, 2, 315.68, 93578, 9, 9001, 0
353, 272, 10, 13, 0, 0, 0.01%, 2, 2, 2, 313.23, 95241, 9, 9178, 0
358, 278, 1, 13, 0, 0, 0.01%, 2, 2, 2, 327.72, 96903, 9, 9340, 0
364, 283, 2, 13, 0, 0, 0.01%, 2, 2, 2, 324.13, 98560, 9, 9465, 0
368, 288, 11, 13, 0, 0, 0.01%, 2, 2, 2, 387.69, 100284, 9, 9629, 0
