# relative_time, cycles_done, cur_item, corpus_count, pending_total, pending_favs, map_size, saved_crashes, saved_hangs, max_depth, execs_per_sec, total_execs, edges_found, total_crashes, servers_count
61, 13, 8, 13, 0, 0, 0.01%, 2, 2, 2, 316.08, 30861, 9, 2221, 0
66, 15, 8, 13, 0, 0, 0.01%, 2, 2, 2, 365.53, 32792, 9, 2403, 0
71, 16, 4, 13, 0, 0, 0.01%, 2, 2, 2, 404.52, 34738, 9, 2552, 0
76, 18, 8, 13, 0, 0, 0.01%, 2, 2, 2, 322.20, 36776, 9, 2744, 0
82, 19, 8, 13, 0, 0, 0.01%, 2, 2, 2, 345.00, 38426, 9, 2939, 0
87, 20, 8, 13, 0, 0, 0.01%, 2, 2, 2, 337.45, 40032, 9, 3164, 0
92, 21, 8, 13, 0, 0, 0.01%, 2, 2, 2, 249.80, 41138, 9, 3418, 0
97, 23, 4, 13, 0, 0, 0.01%, 2, 2, 2, 321.38, 42900, 9, 3608, 0
102, 24, 5, 13, 0, 0, 0.01%, 2, 2, 2, 412.90, 44887, 9, 3780, 0
107, 26, 0, 13, 0, 0, 0.01%, 2, 2, 2, 202.21, 46753, 9, 4077, 0
112, 27, 8, 13, 0, 0, 0.01%, 2, 2, 2, 351.05, 48794, 9, 4279, 0
117, 28, 8, 13, 0, 0, 0.01%, 2, 2, 2, 239.31, 49742, 9, 4478, 0
122, 29, 8, 13, 0, 0, 0.01%, 2, 2, 2, 258.73, 51039, 9, 4692, 0
127, 30, 8, 13, 0, 0, 0.01%, 2, 2, 2, 293.44, 52634, 9, 4902, 0
132, 31, 8, 13, 0, 0, 0.01%, 2, 2, 2, 308.88, 54087, 9, 5043, 0
186, 32, 8, 13, 0, 0, 0.01%, 2, 2, 2, 0.02, 54995, 9, 5184, 0
191, 33, 8, 13, 0, 0, 0.01%, 2, 2, 2, 289.07, 56529, 9, 5355, 0
225, 34, 8, 13, 0, 0, 0.01%, 2, 2, 2, 0.16, 57404, 9, 5529, 0
231, 35, 4, 13, 0, 0, 0.01%, 2, 2, 2, 207.83, 58773, 9, 5736, 0
236, 37, 4, 13, 0, 0, 0.01%, 2, 2, 2, 293.78, 60519, 9, 5950, 0
241, 38, 8, 13, 0, 0, 0.01%, 2, 2, 2, 306.47, 62100, 9, 6125, 0
246, 39, 8, 13, 0, 0, 0.01%, 2, 2, 2, 276.90, 63449, 9, 6367, 0
251, 40, 8, 13, 0, 0, 0.01%, 2, 2, 2, 257.77, 64884, 9, 6630, 0
256, 42, 4, 13, 0, 0, 0.01%, 2, 2, 2, 387.06, 67088, 9, 6786, 0
261, 43, 8, 13, 0, 0, 0.01%, 2, 2, 2, 252.33, 68354, 9, 6985, 0
266, 44, 8, 13, 0, 0, 0.01%, 2, 2, 2, 403.60, 70295, 9, 7207, 0
272, 45, 8, 13, 0, 0, 0.01%, 2, 2, 2, 341.68, 71870, 9, 7370, 0
277, 47, 8, 13, 0, 0, 0.01%, 2, 2, 2, 362.92, 73614, 9, 7520, 0
282, 48, 4, 13, 0, 0, 0.01%, 2, 2, 2, 343.67, 75235, 9, 7714, 0
287, 49, 11, 13, 0, 0, 0.01%, 2, 2, 2, 275.40, 76504, 9, 7962, 0
292, 51, 8, 13, 0, 0, 0.01%, 2, 2, 2, 381.10, 78753, 9, 8132, 0
297, 52, 8, 13, 0, 0, 0.01%, 2, 2, 2, 163.57, 80675, 9, 8316, 0
302, 54, 8, 13, 0, 0, 0.01%, 2, 2, 2, 139.00, 82901, 9, 8454, 0
307, 55, 8, 13, 0, 0, 0.01%, 2, 2, 2, 262.14, 84409, 9, 8627, 0
312, 56, 8, 13, 0, 0, 0.01%, 2, 2, 2, 221.80, 85420, 9, 8791, 0
317, 57, 8, 13, 0, 0, 0.01%, 2, 2, 2, 265.13, 87039, 9, 8894, 0
322, 58, 8, 13, 0, 0, 0.01%, 2, 2, 2, 268.67, 88374, 9, 9074, 0
327, 59, 8, 13, 0, 0, 0.01%, 2, 2, 2, 168.53, 89656, 9, 9337, 0
332, 61, 7, 13, 0, 0, 0.01%, 2, 2, 2, 312.42, 91999, 9, 9497, 0
337, 62, 8, 13, 0, 0, 0.01%, 2, 2, 2, 355.43, 93777, 9, 9669, 0
343, 63, 8, 13, 0, 0, 0.01%, 2, 2, 2, 313.81, 95549, 9, 9840, 0
348, 65, 8, 13, 0, 0, 0.01%, 2, 2, 2, 268.69, 96824, 9, 10033, 0
353, 65, 8, 13, 0, 0, 0.01%, 2, 2, 2, 233.54, 98008, 9, 10258, 0
358, 67, 8, 13, 0, 0, 0.01%, 2, 2, 2, 277.06, 99413, 9, 10495, 0
357, 67, 8, 13, 0, 0, 0.01%, 2, 2, 2, 0.00, 99584, 9, 10505, 0
360, 67, 8, 13, 0, 0, 0.01%, 2, 2, 2, 254.77, 100529, 9, 10614, 0
