# relative_time, cycles_done, cur_item, corpus_count, pending_total, pending_favs, map_size, saved_crashes, saved_hangs, max_depth, execs_per_sec, total_execs, edges_found, total_crashes, servers_count
64, 11, 2, 9, 0, 0, 0.02%, 0, 1, 2, 604.78, 39122, 10, 0, 0
64, 11, 6, 9, 0, 0, 0.02%, 0, 1, 2, 0.00, 40155, 10, 0, 0
69, 12, 6, 9, 0, 0, 0.02%, 0, 1, 2, 96.86, 41710, 10, 0, 0
74, 12, 6, 9, 0, 0, 0.02%, 0, 1, 2, 694.06, 43097, 10, 0, 0
79, 14, 5, 9, 0, 0, 0.02%, 0, 1, 2, 641.16, 46337, 10, 0, 0
85, 15, 3, 9, 0, 0, 0.02%, 0, 1, 2, 1255.96, 49203, 10, 0, 0
90, 16, 6, 9, 0, 0, 0.02%, 0, 1, 2, 133.08, 50629, 10, 0, 0
95, 17, 3, 9, 0, 0, 0.02%, 0, 1, 2, 950.00, 52279, 10, 0, 0
94, 17, 6, 9, 0, 0, 0.02%, 0, 1, 2, 0.00, 53095, 10, 0, 0
99, 18, 8, 9, 0, 0, 0.02%, 0, 1, 2, 995.28, 55203, 10, 0, 0
104, 19, 6, 9, 0, 0, 0.02%, 0, 1, 2, 658.23, 58023, 10, 0, 0
109, 21, 4, 9, 0, 0, 0.02%, 0, 1, 2, 743.74, 61932, 10, 0, 0
114, 22, 6, 9, 0, 0, 0.02%, 0, 1, 2, 124.53, 63690, 10, 0, 0
119, 22, 6, 9, 0, 0, 0.02%, 0, 1, 2, 131.59, 65259, 10, 0, 0
125, 24, 6, 9, 0, 0, 0.02%, 0, 1, 2, 85.36, 67376, 10, 0, 0
124, 24, 4, 9, 0, 0, 0.02%, 0, 1, 2, 0.00, 67635, 10, 0, 0
129, 25, 6, 9, 0, 0, 0.02%, 0, 1, 2, 154.98, 70654, 10, 0, 0
134, 26, 4, 9, 0, 0, 0.02%, 0, 1, 2, 326.86, 72804, 10, 0, 0
139, 27, 5, 9, 0, 0, 0.02%, 0, 1, 2, 395.24, 75111, 10, 0, 0
144, 28, 4, 9, 0, 0, 0.02%, 0, 1, 2, 654.70, 79030, 10, 0, 0
149, 30, 5, 9, 0, 0, 0.02%, 0, 1, 2, 756.75, 83073, 10, 0, 0
154, 31, 0, 9, 0, 0, 0.02%, 0, 1, 2, 668.74, 86295, 10, 0, 0
154, 32, 0, 9, 0, 0, 0.02%, 0, 1, 2, 0.00, 87793, 10, 0, 0
159, 33, 6, 9, 0, 0, 0.02%, 0, 1, 2, 212.41, 89881, 10, 0, 0
164, 33, 6, 9, 0, 0, 0.02%, 0, 1, 2, 331.22, 91378, 10, 0, 0
169, 34, 6, 9, 0, 0, 0.02%, 0, 1, 2, 284.19, 92953, 10, 0, 0
174, 36, 4, 9, 0, 0, 0.02%, 0, 1, 2, 468.12, 95384, 10, 0, 0
179, 37, 3, 9, 0, 0, 0.02%, 0, 1, 2, 502.50, 98052, 10, 0, 0
184, 37, 6, 9, 0, 0, 0.02%, 0, 1, 2, 470.34, 100406, 10, 0, 0
184, 38, 6, 9, 0, 0, 0.02%, 0, 1, 2, 0.00, 100724, 10, 0, 0
189, 39, 3, 9, 0, 0, 0.02%, 0, 1, 2, 708.24, 103279, 10, 0, 0
194, 40, 6, 9, 0, 0, 0.02%, 0, 1, 2, 650.90, 106707, 10, 0, 0
199, 41, 8, 9, 0, 0, 0.02%, 0, 1, 2, 761.82, 110242, 10, 0, 0
204, 42, 0, 9, 0, 0, 0.02%, 0, 1, 2, 670.41, 113081, 10, 0, 0
209, 44, 4, 9, 0, 0, 0.02%, 0, 1, 2, 974.92, 115623, 10, 0, 0
214, 45, 2, 9, 0, 0, 0.02%, 0, 1, 2, 836.19, 119652, 10, 0, 0
214, 46, 8, 9, 0, 0, 0.02%, 0, 1, 2, 0.00, 120958, 10, 0, 0
219, 47, 2, 9, 0, 0, 0.02%, 0, 1, 2, 565.75, 123855, 10, 0, 0
224, 48, 8, 9, 0, 0, 0.02%, 0, 1, 2, 639.40, 125916, 10, 0, 0
229, 50, 4, 9, 0, 0, 0.02%, 0, 1, 2, 785.95, 130173, 10, 0, 0
234, 51, 6, 9, 0, 0, 0.02%, 0, 1, 2, 663.44, 133762, 10, 0, 0
239, 52, 6, 9, 0, 0, 0.02%, 0, 1, 2, 102.21, 135660, 10, 0, 0
244, 53, 2, 9, 0, 0, 0.02%, 0, 1, 2, 576.10, 137851, 10, 0, 0
244, 54, 8, 9, 0, 0, 0.02%, 0, 1, 2, 0.00, 139106, 10, 0, 0
249, 55, 6, 9, 0, 0, 0.02%, 0, 1, 2, 143.64, 142437, 10, 0, 0
254, 56, 6, 9, 0, 0, 0.02%, 0, 1, 2, 119.60, 144168, 10, 0, 0
259, 56, 0, 9, 0, 0, 0.02%, 0, 1, 2, 332.90, 145414, 10, 0, 0
264, 58, 6, 9, 0, 0, 0.02%, 0, 1, 2, 541.88, 148865, 10, 0, 0
269, 58, 6, 9, 0, 0, 0.02%, 0, 1, 2, 116.58, 149900, 10, 0, 0
274, 59, 6, 9, 0, 0, 0.02%, 0, 1, 2, 216.33, 152126, 10, 0, 0
274, 59, 6, 9, 0, 0, 0.02%, 0, 1, 2, 0.00, 152689, 10, 0, 0
279, 60, 6, 9, 0, 0, 0.02%, 0, 1, 2, 379.69, 154878, 10, 0, 0
284, 61, 6, 9, 0, 0, 0.02%, 0, 1, 2, 117.90, 157095, 10, 0, 0
289, 62, 8, 9, 0, 0, 0.02%, 0, 1, 2, 299.27, 159745, 10, 0, 0
294, 63, 6, 9, 0, 0, 0.02%, 0, 1, 2, 837.24, 162117, 10, 0, 0
299, 64, 6, 9, 0, 0, 0.02%, 0, 1, 2, 94.41, 164329, 10, 0, 0
304, 66, 5, 9, 0, 0, 0.02%, 0, 1, 2, 952.81, 167718, 10, 0, 0
304, 66, 6, 9, 0, 0, 0.02%, 0, 1, 2, 0.00, 168923, 10, 0, 0
309, 68, 6, 9, 0, 0, 0.02%, 0, 1, 2, 632.42, 172778, 10, 0, 0
314, 69, 3, 9, 0, 0, 0.02%, 0, 1, 2, 939.69, 175149, 10, 0, 0
319, 70, 5, 9, 0, 0, 0.02%, 0, 1, 2, 685.94, 178022, 10, 0, 0
324, 71, 6, 9, 0, 0, 0.02%, 0, 1, 2, 885.31, 180227, 10, 0, 0
329, 72, 1, 9, 0, 0, 0.02%, 0, 1, 2, 418.46, 182575, 10, 0, 0
334, 72, 6, 9, 0, 0, 0.02%, 0, 1, 2, 253.25, 183874, 10, 0, 0
334, 73, 1, 9, 0, 0, 0.02%, 0, 1, 2, 0.00, 184850, 10, 0, 0
339, 74, 6, 9, 0, 0, 0.02%, 0, 1, 2, 420.25, 187301, 10, 0, 0
344, 75, 6, 9, 0, 0, 0.02%, 0, 1, 2, 258.31, 188644, 10, 0, 0
349, 76, 0, 9, 0, 0, 0.02%, 0, 1, 2, 510.80, 191230, 10, 0, 0
354, 77, 5, 9, 0, 0, 0.02%, 0, 1, 2, 798.48, 193851, 10, 0, 0
359, 78, 6, 9, 0, 0, 0.02%, 0, 1, 2, 482.34, 195104, 10, 0, 0
364, 79, 2, 9, 0, 0, 0.02%, 0, 1, 2, 755.18, 199089, 10, 0, 0
364, 80, 8, 9, 0, 0, 0.02%, 0, 1, 2, 0.00, 200254, 10, 0, 0
369, 81, 0, 9, 0, 0, 0.02%, 0, 1, 2, 138.52, 202783, 10, 0, 0
374, 82, 3, 9, 0, 0, 0.02%, 0, 1, 2, 593.06, 204875, 10, 0, 0
379, 84, 3, 9, 0, 0, 0.02%, 0, 1, 2, 813.93, 209379, 10, 0, 0
384, 86, 6, 9, 0, 0, 0.02%, 0, 1, 2, 594.09, 212413, 10, 0, 0
389, 87, 0, 9, 0, 0, 0.02%, 0, 1, 2, 386.26, 214224, 10, 0, 0
394, 88, 6, 9, 0, 0, 0.02%, 0, 1, 2, 462.91, 216592, 10, 0, 0
394, 88, 2, 9, 0, 0, 0.02%, 0, 1, 2, 0.00, 217137, 10, 0, 0
399, 89, 6, 9, 0, 0, 0.02%, 0, 1, 2, 105.03, 218907, 10, 0, 0
404, 89, 0, 9, 0, 0, 0.02%, 0, 1, 2, 211.57, 220155, 10, 0, 0
409, 91, 6, 9, 0, 0, 0.02%, 0, 1, 2, 466.57, 223064, 10, 0, 0
414, 91, 4, 9, 0, 0, 0.02%, 0, 1, 2, 486.08, 225476, 10, 0, 0
419, 93, 6, 9, 0, 0, 0.02%, 0, 1, 2, 117.04, 228267, 10, 0, 0
425, 94, 6, 9, 0, 0, 0.02%, 0, 1, 2, 811.95, 231869, 10, 0, 0
424, 94, 6, 9, 0, 0, 0.02%, 0, 1, 2, 0.00, 232415, 10, 0, 0
429, 95, 6, 9, 0, 0, 0.02%, 0, 1, 2, 203.07, 233665, 10, 0, 0
434, 96, 4, 9, 0, 0, 0.02%, 0, 1, 2, 886.02, 236523, 10, 0, 0
439, 97, 1, 9, 0, 0, 0.02%, 0, 1, 2, 729.15, 240138, 10, 0, 0
444, 99, 6, 9, 0, 0, 0.02%, 0, 1, 2, 138.85, 243666, 10, 0, 0
450, 99, 6, 9, 0, 0, 0.02%, 0, 1, 2, 128.60, 245470, 10, 0, 0
455, 100, 5, 9, 0, 0, 0.02%, 0, 1, 2, 948.66, 247999, 10, 0, 0
454, 101, 3, 9, 0, 0, 0.02%, 0, 1, 2, 0.00, 249255, 10, 0, 0
459, 102, 3, 9, 0, 0, 0.02%, 0, 1, 2, 968.15, 251799, 10, 0, 0
464, 102, 2, 9, 0, 0, 0.02%, 0, 1, 2, 1001.34, 253353, 10, 0, 0
470, 103, 4, 9, 0, 0, 0.02%, 0, 1, 2, 324.38, 255753, 10, 0, 0
475, 105, 6, 9, 0, 0, 0.02%, 0, 1, 2, 600.79, 259126, 10, 0, 0
480, 106, 1, 9, 0, 0, 0.02%, 0, 1, 2, 688.28, 261817, 10, 0, 0
485, 107, 2, 9, 0, 0, 0.02%, 0, 1, 2, 621.97, 264576, 10, 0, 0
484, 107, 6, 9, 0, 0, 0.02%, 0, 1, 2, 0.00, 265326, 10, 0, 0
489, 108, 6, 9, 0, 0, 0.02%, 0, 1, 2, 131.68, 266737, 10, 0, 0
494, 109, 6, 9, 0, 0, 0.02%, 0, 1, 2, 121.83, 268623, 10, 0, 0
499, 110, 6, 9, 0, 0, 0.02%, 0, 1, 2, 856.31, 271547, 10, 0, 0
504, 111, 6, 9, 0, 0, 0.02%, 0, 1, 2, 128.60, 273743, 10, 0, 0
509, 112, 6, 9, 0, 0, 0.02%, 0, 1, 2, 144.73, 277478, 10, 0, 0
515, 113, 3, 9, 0, 0, 0.02%, 0, 1, 2, 854.38, 280341, 10, 0, 0
514, 114, 6, 9, 0, 0, 0.02%, 0, 1, 2, 0.00, 281020, 10, 0, 0
519, 115, 2, 9, 0, 0, 0.02%, 0, 1, 2, 498.63, 283384, 10, 0, 0
524, 116, 6, 9, 0, 0, 0.02%, 0, 1, 2, 124.03, 285737, 10, 0, 0
529, 116, 6, 9, 0, 0, 0.02%, 0, 1, 2, 101.14, 287586, 10, 0, 0
534, 117, 6, 9, 0, 0, 0.02%, 0, 1, 2, 145.47, 289396, 10, 0, 0
539, 118, 5, 9, 0, 0, 0.02%, 0, 1, 2, 689.29, 291897, 10, 0, 0
545, 119, 5, 9, 0, 0, 0.02%, 0, 1, 2, 985.31, 294482, 10, 0, 0
544, 120, 6, 9, 0, 0, 0.02%, 0, 1, 2, 0.00, 295204, 10, 0, 0
549, 120, 6, 9, 0, 0, 0.02%, 0, 1, 2, 142.99, 296093, 10, 0, 0
554, 121, 3, 9, 0, 0, 0.02%, 0, 1, 2, 396.69, 298137, 10, 0, 0
556, 121, 6, 9, 0, 0, 0.02%, 0, 1, 2, 355.69, 298826, 10, 0, 0
