# relative_time, cycles_done, cur_item, corpus_count, pending_total, pending_favs, map_size, saved_crashes, saved_hangs, max_depth, execs_per_sec, total_execs, edges_found, total_crashes, servers_count
62, 28, 6, 9, 0, 0, 0.02%, 0, 1, 2, 549.46, 38265, 10, 0, 0
67, 31, 6, 9, 0, 0, 0.02%, 0, 1, 2, 702.06, 40947, 10, 0, 0
72, 34, 6, 9, 0, 0, 0.02%, 0, 1, 2, 107.42, 43685, 10, 0, 0
71, 35, 6, 9, 0, 0, 0.02%, 0, 1, 2, 0.00, 44565, 10, 0, 0
76, 38, 5, 9, 0, 0, 0.02%, 0, 1, 2, 472.22, 47145, 10, 0, 0
81, 41, 8, 9, 0, 0, 0.02%, 0, 1, 2, 549.11, 50135, 10, 0, 0
86, 45, 3, 9, 0, 0, 0.02%, 0, 1, 2, 589.39, 53271, 10, 0, 0
91, 48, 6, 9, 0, 0, 0.02%, 0, 1, 2, 631.89, 56270, 10, 0, 0
96, 51, 7, 9, 0, 0, 0.02%, 0, 1, 2, 639.93, 59018, 10, 0, 0
101, 54, 6, 9, 0, 0, 0.02%, 0, 1, 2, 166.80, 61674, 10, 0, 0
100, 55, 6, 9, 0, 0, 0.02%, 0, 1, 2, 0.00, 62525, 10, 0, 0
105, 58, 6, 9, 0, 0, 0.02%, 0, 1, 2, 471.55, 65214, 10, 0, 0
110, 61, 3, 9, 0, 0, 0.02%, 0, 1, 2, 649.57, 67618, 10, 0, 0
116, 63, 8, 9, 0, 0, 0.02%, 0, 1, 2, 750.00, 69997, 10, 0, 0
121, 66, 6, 9, 0, 0, 0.02%, 0, 1, 2, 543.50, 72435, 10, 0, 0
126, 69, 5, 9, 0, 0, 0.02%, 0, 1, 2, 563.00, 75104, 10, 0, 0
131, 72, 6, 9, 0, 0, 0.02%, 0, 1, 2, 779.51, 77821, 10, 0, 0
130, 73, 4, 9, 0, 0, 0.02%, 0, 1, 2, 0.00, 78565, 10, 0, 0
135, 76, 1, 9, 0, 0, 0.02%, 0, 1, 2, 348.32, 80971, 10, 0, 0
140, 79, 3, 9, 0, 0, 0.02%, 0, 1, 2, 525.87, 83885, 10, 0, 0
145, 82, 3, 9, 0, 0, 0.02%, 0, 1, 2, 547.63, 86555, 10, 0, 0
150, 85, 0, 9, 0, 0, 0.02%, 0, 1, 2, 930.00, 88919, 10, 0, 0
155, 88, 0, 9, 0, 0, 0.02%, 0, 1, 2, 331.97, 91665, 10, 0, 0
160, 90, 8, 9, 0, 0, 0.02%, 0, 1, 2, 452.95, 94293, 10, 0, 0
159, 92, 0, 9, 0, 0, 0.02%, 0, 1, 2, 0.00, 95214, 10, 0, 0
164, 95, 8, 9, 0, 0, 0.02%, 0, 1, 2, 730.48, 98747, 10, 0, 0
169, 98, 8, 9, 0, 0, 0.02%, 0, 1, 2, 830.19, 101489, 10, 0, 0
174, 101, 6, 9, 0, 0, 0.02%, 0, 1, 2, 132.02, 103993, 10, 0, 0
180, 105, 2, 9, 0, 0, 0.02%, 0, 1, 2, 753.09, 107119, 10, 0, 0
185, 108, 1, 9, 0, 0, 0.02%, 0, 1, 2, 366.25, 109789, 10, 0, 0
190, 111, 8, 9, 0, 0, 0.02%, 0, 1, 2, 605.49, 113189, 10, 0, 0
189, 113, 2, 9, 0, 0, 0.02%, 0, 1, 2, 0.00, 114383, 10, 0, 0
194, 116, 4, 9, 0, 0, 0.02%, 0, 1, 2, 546.48, 117285, 10, 0, 0
199, 119, 6, 9, 0, 0, 0.02%, 0, 1, 2, 681.81, 120204, 10, 0, 0
204, 122, 6, 9, 0, 0, 0.02%, 0, 1, 2, 848.31, 122839, 10, 0, 0
209, 125, 4, 9, 0, 0, 0.02%, 0, 1, 2, 582.18, 125393, 10, 0, 0
214, 128, 5, 9, 0, 0, 0.02%, 0, 1, 2, 707.14, 128183, 10, 0, 0
219, 131, 6, 9, 0, 0, 0.02%, 0, 1, 2, 100.42, 130953, 10, 0, 0
218, 132, 5, 9, 0, 0, 0.02%, 0, 1, 2, 0.00, 131755, 10, 0, 0
223, 135, 5, 9, 0, 0, 0.02%, 0, 1, 2, 658.06, 134431, 10, 0, 0
228, 138, 6, 9, 0, 0, 0.02%, 0, 1, 2, 119.59, 137273, 10, 0, 0
234, 141, 6, 9, 0, 0, 0.02%, 0, 1, 2, 442.49, 139977, 10, 0, 0
239, 144, 2, 9, 0, 0, 0.02%, 0, 1, 2, 627.70, 142301, 10, 0, 0
244, 146, 7, 9, 0, 0, 0.02%, 0, 1, 2, 492.82, 144565, 10, 0, 0
249, 149, 7, 9, 0, 0, 0.02%, 0, 1, 2, 507.72, 147225, 10, 0, 0
247, 150, 6, 9, 0, 0, 0.02%, 0, 1, 2, 0.00, 148015, 10, 0, 0
253, 153, 0, 9, 0, 0, 0.02%, 0, 1, 2, 365.71, 150148, 10, 0, 0
258, 155, 6, 9, 0, 0, 0.02%, 0, 1, 2, 91.27, 152571, 10, 0, 0
263, 158, 6, 9, 0, 0, 0.02%, 0, 1, 2, 110.00, 155250, 10, 0, 0
268, 161, 6, 9, 0, 0, 0.02%, 0, 1, 2, 383.47, 157970, 10, 0, 0
273, 164, 6, 9, 0, 0, 0.02%, 0, 1, 2, 515.22, 160616, 10, 0, 0
278, 167, 6, 9, 0, 0, 0.02%, 0, 1, 2, 529.35, 163350, 10, 0, 0
277, 168, 4, 9, 0, 0, 0.02%, 0, 1, 2, 0.00, 164076, 10, 0, 0
282, 171, 1, 9, 0, 0, 0.02%, 0, 1, 2, 525.48, 166433, 10, 0, 0
287, 173, 8, 9, 0, 0, 0.02%, 0, 1, 2, 499.77, 168976, 10, 0, 0
292, 176, 8, 9, 0, 0, 0.02%, 0, 1, 2, 511.62, 171705, 10, 0, 0
297, 180, 0, 9, 0, 0, 0.02%, 0, 1, 2, 535.82, 174496, 10, 0, 0
302, 182, 6, 9, 0, 0, 0.02%, 0, 1, 2, 97.18, 176887, 10, 0, 0
308, 185, 7, 9, 0, 0, 0.02%, 0, 1, 2, 566.88, 179639, 10, 0, 0
306, 186, 7, 9, 0, 0, 0.02%, 0, 1, 2, 0.00, 180520, 10, 0, 0
311, 189, 6, 9, 0, 0, 0.02%, 0, 1, 2, 539.05, 183116, 10, 0, 0
316, 192, 3, 9, 0, 0, 0.02%, 0, 1, 2, 517.33, 185576, 10, 0, 0
321, 195, 4, 9, 0, 0, 0.02%, 0, 1, 2, 653.12, 188319, 10, 0, 0
327, 198, 0, 9, 0, 0, 0.02%, 0, 1, 2, 307.55, 190630, 10, 0, 0
332, 200, 7, 9, 0, 0, 0.02%, 0, 1, 2, 419.55, 193114, 10, 0, 0
337, 204, 0, 9, 0, 0, 0.02%, 0, 1, 2, 533.33, 196105, 10, 0, 0
336, 204, 6, 9, 0, 0, 0.02%, 0, 1, 2, 0.00, 196688, 10, 0, 0
341, 207, 7, 9, 0, 0, 0.02%, 0, 1, 2, 529.82, 199476, 10, 0, 0
346, 210, 7, 9, 0, 0, 0.02%, 0, 1, 2, 118.80, 202144, 10, 0, 0
351, 213, 8, 9, 0, 0, 0.02%, 0, 1, 2, 320.99, 204956, 10, 0, 0
356, 216, 7, 9, 0, 0, 0.02%, 0, 1, 2, 466.82, 207596, 10, 0, 0
361, 220, 1, 9, 0, 0, 0.02%, 0, 1, 2, 816.88, 210586, 10, 0, 0
366, 223, 5, 9, 0, 0, 0.02%, 0, 1, 2, 767.20, 213621, 10, 0, 0
365, 224, 4, 9, 0, 0, 0.02%, 0, 1, 2, 0.00, 214463, 10, 0, 0
370, 226, 8, 9, 0, 0, 0.02%, 0, 1, 2, 302.15, 216691, 10, 0, 0
375, 230, 2, 9, 0, 0, 0.02%, 0, 1, 2, 727.99, 219690, 10, 0, 0
380, 232, 8, 9, 0, 0, 0.02%, 0, 1, 2, 310.01, 222026, 10, 0, 0
385, 236, 2, 9, 0, 0, 0.02%, 0, 1, 2, 544.39, 225016, 10, 0, 0
390, 239, 1, 9, 0, 0, 0.02%, 0, 1, 2, 421.74, 227686, 10, 0, 0
395, 242, 0, 9, 0, 0, 0.02%, 0, 1, 2, 484.66, 230233, 10, 0, 0
394, 243, 1, 9, 0, 0, 0.02%, 0, 1, 2, 0.00, 231215, 10, 0, 0
399, 246, 0, 9, 0, 0, 0.02%, 0, 1, 2, 406.95, 233834, 10, 0, 0
405, 248, 6, 9, 0, 0, 0.02%, 0, 1, 2, 83.72, 236287, 10, 0, 0
410, 251, 6, 9, 0, 0, 0.02%, 0, 1, 2, 122.47, 238984, 10, 0, 0
415, 254, 6, 9, 0, 0, 0.02%, 0, 1, 2, 558.45, 241650, 10, 0, 0
420, 257, 6, 9, 0, 0, 0.02%, 0, 1, 2, 617.03, 244354, 10, 0, 0
425, 260, 4, 9, 0, 0, 0.02%, 0, 1, 2, 268.26, 246811, 10, 0, 0
424, 261, 4, 9, 0, 0, 0.02%, 0, 1, 2, 0.00, 247769, 10, 0, 0
429, 264, 1, 9, 0, 0, 0.02%, 0, 1, 2, 671.40, 250184, 10, 0, 0
434, 266, 8, 9, 0, 0, 0.02%, 0, 1, 2, 330.67, 252681, 10, 0, 0
439, 269, 6, 9, 0, 0, 0.02%, 0, 1, 2, 491.47, 255196, 10, 0, 0
444, 272, 6, 9, 0, 0, 0.02%, 0, 1, 2, 807.97, 257902, 10, 0, 0
449, 276, 2, 9, 0, 0, 0.02%, 0, 1, 2, 648.42, 261042, 10, 0, 0
455, 279, 0, 9, 0, 0, 0.02%, 0, 1, 2, 319.14, 263590, 10, 0, 0
453, 280, 0, 9, 0, 0, 0.02%, 0, 1, 2, 0.00, 264430, 10, 0, 0
458, 283, 2, 9, 0, 0, 0.02%, 0, 1, 2, 599.78, 267361, 10, 0, 0
463, 286, 1, 9, 0, 0, 0.02%, 0, 1, 2, 702.75, 269958, 10, 0, 0
468, 289, 3, 9, 0, 0, 0.02%, 0, 1, 2, 635.26, 272902, 10, 0, 0
473, 292, 0, 9, 0, 0, 0.02%, 0, 1, 2, 604.82, 275266, 10, 0, 0
479, 295, 3, 9, 0, 0, 0.02%, 0, 1, 2, 858.64, 278291, 10, 0, 0
484, 297, 8, 9, 0, 0, 0.02%, 0, 1, 2, 281.36, 280605, 10, 0, 0
483, 299, 1, 9, 0, 0, 0.02%, 0, 1, 2, 0.00, 281613, 10, 0, 0
488, 301, 8, 9, 0, 0, 0.02%, 0, 1, 2, 187.18, 284205, 10, 0, 0
493, 304, 7, 9, 0, 0, 0.02%, 0, 1, 2, 428.36, 286770, 10, 0, 0
498, 307, 5, 9, 0, 0, 0.02%, 0, 1, 2, 476.70, 289251, 10, 0, 0
503, 310, 4, 9, 0, 0, 0.02%, 0, 1, 2, 558.67, 291866, 10, 0, 0
508, 313, 3, 9, 0, 0, 0.02%, 0, 1, 2, 890.51, 294496, 10, 0, 0
513, 316, 7, 9, 0, 0, 0.02%, 0, 1, 2, 333.38, 297536, 10, 0, 0
512, 317, 6, 9, 0, 0, 0.02%, 0, 1, 2, 0.00, 298405, 10, 0, 0
517, 320, 7, 9, 0, 0, 0.02%, 0, 1, 2, 626.10, 301130, 10, 0, 0
522, 323, 6, 9, 0, 0, 0.02%, 0, 1, 2, 527.20, 303783, 10, 0, 0
527, 326, 6, 9, 0, 0, 0.02%, 0, 1, 2, 89.43, 306505, 10, 0, 0
532, 329, 6, 9, 0, 0, 0.02%, 0, 1, 2, 98.80, 309183, 10, 0, 0
537, 332, 7, 9, 0, 0, 0.02%, 0, 1, 2, 655.81, 311958, 10, 0, 0
543, 335, 7, 9, 0, 0, 0.02%, 0, 1, 2, 113.83, 314640, 10, 0, 0
541, 336, 6, 9, 0, 0, 0.02%, 0, 1, 2, 0.00, 315460, 10, 0, 0
546, 339, 6, 9, 0, 0, 0.02%, 0, 1, 2, 97.47, 318190, 10, 0, 0
551, 342, 5, 9, 0, 0, 0.02%, 0, 1, 2, 804.81, 320802, 10, 0, 0
557, 345, 1, 9, 0, 0, 0.02%, 0, 1, 2, 590.47, 323072, 10, 0, 0
562, 348, 6, 9, 0, 0, 0.02%, 0, 1, 2, 635.12, 326297, 10, 0, 0
567, 352, 4, 9, 0, 0, 0.02%, 0, 1, 2, 903.32, 329678, 10, 0, 0
572, 355, 0, 9, 0, 0, 0.02%, 0, 1, 2, 388.46, 331913, 10, 0, 0
571, 356, 0, 9, 0, 0, 0.02%, 0, 1, 2, 0.00, 332878, 10, 0, 0
576, 359, 4, 9, 0, 0, 0.02%, 0, 1, 2, 951.41, 336001, 10, 0, 0
581, 362, 5, 9, 0, 0, 0.02%, 0, 1, 2, 773.84, 338736, 10, 0, 0
586, 365, 6, 9, 0, 0, 0.02%, 0, 1, 2, 744.87, 341506, 10, 0, 0
591, 368, 3, 9, 0, 0, 0.02%, 0, 1, 2, 437.70, 343930, 10, 0, 0
596, 371, 0, 9, 0, 0, 0.02%, 0, 1, 2, 174.48, 346332, 10, 0, 0
601, 374, 6, 9, 0, 0, 0.02%, 0, 1, 2, 109.62, 349684, 10, 0, 0
600, 375, 6, 9, 0, 0, 0.02%, 0, 1, 2, 0.00, 350551, 10, 0, 0
605, 378, 7, 9, 0, 0, 0.02%, 0, 1, 2, 458.68, 353324, 10, 0, 0
610, 382, 1, 9, 0, 0, 0.02%, 0, 1, 2, 766.27, 356366, 10, 0, 0
615, 385, 0, 9, 0, 0, 0.02%, 0, 1, 2, 603.70, 358966, 10, 0, 0
620, 388, 0, 9, 0, 0, 0.02%, 0, 1, 2, 556.21, 361626, 10, 0, 0
625, 390, 6, 9, 0, 0, 0.02%, 0, 1, 2, 96.32, 364050, 10, 0, 0
631, 393, 7, 9, 0, 0, 0.02%, 0, 1, 2, 666.68, 366819, 10, 0, 0
629, 394, 8, 9, 0, 0, 0.02%, 0, 1, 2, 0.00, 367890, 10, 0, 0
634, 398, 7, 9, 0, 0, 0.02%, 0, 1, 2, 772.42, 371213, 10, 0, 0
