# relative_time, cycles_done, cur_item, corpus_count, pending_total, pending_favs, map_size, saved_crashes, saved_hangs, max_depth, execs_per_sec, total_execs, edges_found, total_crashes, servers_count
60, 368, 1, 2, 0, 0, 0.01%, 0, 0, 1, 2308.14, 147331, 4, 0, 0
65, 397, 1, 2, 0, 0, 0.01%, 0, 0, 1, 2293.41, 158885, 4, 0, 0
64, 406, 1, 2, 0, 0, 0.01%, 0, 0, 1, 0.00, 162731, 4, 0, 0
69, 435, 1, 2, 0, 0, 0.01%, 0, 0, 1, 2125.55, 174123, 4, 0, 0
74, 464, 1, 2, 0, 0, 0.01%, 0, 0, 1, 2206.46, 185682, 4, 0, 0
79, 493, 1, 2, 0, 0, 0.01%, 0, 0, 1, 2287.00, 197439, 4, 0, 0
84, 522, 1, 2, 0, 0, 0.01%, 0, 0, 1, 2322.29, 209231, 4, 0, 0
89, 552, 1, 2, 0, 0, 0.01%, 0, 0, 1, 2315.69, 220985, 4, 0, 0
94, 581, 1, 2, 0, 0, 0.01%, 0, 0, 1, 2335.28, 232731, 4, 0, 0
93, 591, 1, 2, 0, 0, 0.01%, 0, 0, 1, 0.00, 236631, 4, 0, 0
98, 620, 1, 2, 0, 0, 0.01%, 0, 0, 1, 2292.54, 248284, 4, 0, 0
103, 649, 1, 2, 0, 0, 0.01%, 0, 0, 1, 2302.01, 259931, 4, 0, 0
108, 678, 1, 2, 0, 0, 0.01%, 0, 0, 1, 2321.00, 271585, 4, 0, 0
113, 707, 1, 2, 0, 0, 0.01%, 0, 0, 1, 2301.02, 283184, 4, 0, 0
118, 736, 1, 2, 0, 0, 0.01%, 0, 0, 1, 2298.90, 294785, 4, 0, 0
123, 765, 1, 2, 0, 0, 0.01%, 0, 0, 1, 2308.74, 306431, 4, 0, 0
122, 777, 1, 2, 0, 0, 0.01%, 0, 0, 1, 0.00, 311038, 4, 0, 0
127, 806, 1, 2, 0, 0, 0.01%, 0, 0, 1, 2341.54, 322731, 4, 0, 0
132, 836, 1, 2, 0, 0, 0.01%, 0, 0, 1, 2313.11, 334485, 4, 0, 0
137, 865, 0, 2, 0, 0, 0.01%, 0, 0, 1, 2319.47, 346185, 4, 0, 0
142, 894, 1, 2, 0, 0, 0.01%, 0, 0, 1, 2313.93, 357831, 4, 0, 0
147, 923, 0, 2, 0, 0, 0.01%, 0, 0, 1, 2302.78, 369329, 4, 0, 0
153, 952, 1, 2, 0, 0, 0.01%, 0, 0, 1, 2308.91, 381085, 4, 0, 0
152, 963, 0, 2, 0, 0, 0.01%, 0, 0, 1, 0.00, 385585, 4, 0, 0
157, 993, 0, 2, 0, 0, 0.01%, 0, 0, 1, 2293.17, 397629, 4, 0, 0
162, 1023, 1, 2, 0, 0, 0.01%, 0, 0, 1, 2340.64, 409485, 4, 0, 0
167, 1052, 1, 2, 0, 0, 0.01%, 0, 0, 1, 2345.49, 421231, 4, 0, 0
172, 1082, 1, 2, 0, 0, 0.01%, 0, 0, 1, 2334.80, 433031, 4, 0, 0
177, 1111, 1, 2, 0, 0, 0.01%, 0, 0, 1, 2334.63, 444785, 4, 0, 0
182, 1140, 1, 2, 0, 0, 0.01%, 0, 0, 1, 2310.02, 456438, 4, 0, 0
181, 1151, 1, 2, 0, 0, 0.01%, 0, 0, 1, 0.00, 460731, 4, 0, 0
186, 1181, 1, 2, 0, 0, 0.01%, 0, 0, 1, 2359.53, 472486, 4, 0, 0
191, 1210, 1, 2, 0, 0, 0.01%, 0, 0, 1, 2317.53, 484131, 4, 0, 0
196, 1239, 0, 2, 0, 0, 0.01%, 0, 0, 1, 2317.16, 495731, 4, 0, 0
201, 1268, 0, 2, 0, 0, 0.01%, 0, 0, 1, 2318.38, 507485, 4, 0, 0
206, 1297, 1, 2, 0, 0, 0.01%, 0, 0, 1, 2306.28, 519131, 4, 0, 0
211, 1327, 1, 2, 0, 0, 0.01%, 0, 0, 1, 2325.55, 530885, 4, 0, 0
210, 1338, 1, 2, 0, 0, 0.01%, 0, 0, 1, 0.00, 535531, 4, 0, 0
215, 1367, 0, 2, 0, 0, 0.01%, 0, 0, 1, 2303.93, 547231, 4, 0, 0
220, 1397, 1, 2, 0, 0, 0.01%, 0, 0, 1, 2324.69, 558931, 4, 0, 0
225, 1426, 0, 2, 0, 0, 0.01%, 0, 0, 1, 2277.24, 570529, 4, 0, 0
230, 1455, 1, 2, 0, 0, 0.01%, 0, 0, 1, 2300.38, 582084, 4, 0, 0
235, 1484, 1, 2, 0, 0, 0.01%, 0, 0, 1, 2320.31, 593731, 4, 0, 0
240, 1513, 1, 2, 0, 0, 0.01%, 0, 0, 1, 2314.78, 605485, 4, 0, 0
240, 1525, 1, 2, 0, 0, 0.01%, 0, 0, 1, 0.00, 610331, 4, 0, 0
245, 1555, 1, 2, 0, 0, 0.01%, 0, 0, 1, 2357.49, 622186, 4, 0, 0
250, 1582, 1, 2, 0, 0, 0.01%, 0, 0, 1, 2189.05, 633025, 4, 0, 0
255, 1610, 1, 2, 0, 0, 0.01%, 0, 0, 1, 2175.78, 644325, 4, 0, 0
260, 1633, 0, 2, 0, 0, 0.01%, 0, 0, 1, 1907.43, 653313, 4, 0, 0
265, 1658, 1, 2, 0, 0, 0.01%, 0, 0, 1, 1921.34, 663415, 4, 0, 0
270, 1682, 1, 2, 0, 0, 0.01%, 0, 0, 1, 1864.70, 673013, 4, 0, 0
269, 1691, 1, 2, 0, 0, 0.01%, 0, 0, 1, 0.00, 676778, 4, 0, 0
274, 1720, 0, 2, 0, 0, 0.01%, 0, 0, 1, 2207.22, 688083, 4, 0, 0
279, 1747, 1, 2, 0, 0, 0.01%, 0, 0, 1, 2159.32, 699225, 4, 0, 0
284, 1776, 1, 2, 0, 0, 0.01%, 0, 0, 1, 2221.51, 710783, 4, 0, 0
289, 1803, 1, 2, 0, 0, 0.01%, 0, 0, 1, 2172.67, 721625, 4, 0, 0
295, 1832, 1, 2, 0, 0, 0.01%, 0, 0, 1, 2222.12, 733227, 4, 0, 0
300, 1862, 1, 2, 0, 0, 0.01%, 0, 0, 1, 2339.02, 745131, 4, 0, 0
298, 1870, 1, 2, 0, 0, 0.01%, 0, 0, 1, 0.00, 748431, 4, 0, 0
303, 1900, 1, 2, 0, 0, 0.01%, 0, 0, 1, 2354.43, 760233, 4, 0, 0
308, 1928, 1, 2, 0, 0, 0.01%, 0, 0, 1, 2274.18, 771284, 4, 0, 0
313, 1957, 1, 2, 0, 0, 0.01%, 0, 0, 1, 2350.49, 783186, 4, 0, 0
318, 1988, 1, 2, 0, 0, 0.01%, 0, 0, 1, 2366.31, 795486, 4, 0, 0
323, 2016, 1, 2, 0, 0, 0.01%, 0, 0, 1, 2262.79, 806838, 4, 0, 0
328, 2046, 0, 2, 0, 0, 0.01%, 0, 0, 1, 2301.42, 818538, 4, 0, 0
327, 2056, 1, 2, 0, 0, 0.01%, 0, 0, 1, 0.00, 822831, 4, 0, 0
332, 2086, 1, 2, 0, 0, 0.01%, 0, 0, 1, 2378.41, 834833, 4, 0, 0
338, 2116, 1, 2, 0, 0, 0.01%, 0, 0, 1, 2320.67, 846585, 4, 0, 0
343, 2143, 1, 2, 0, 0, 0.01%, 0, 0, 1, 2166.68, 857482, 4, 0, 0
348, 2168, 1, 2, 0, 0, 0.01%, 0, 0, 1, 2069.85, 867580, 4, 0, 0
353, 2195, 1, 2, 0, 0, 0.01%, 0, 0, 1, 2050.86, 878138, 4, 0, 0
358, 2224, 1, 2, 0, 0, 0.01%, 0, 0, 1, 2220.97, 889883, 4, 0, 0
357, 2233, 0, 2, 0, 0, 0.01%, 0, 0, 1, 0.00, 893527, 4, 0, 0
362, 2262, 1, 2, 0, 0, 0.01%, 0, 0, 1, 2189.53, 905082, 4, 0, 0
367, 2286, 1, 2, 0, 0, 0.01%, 0, 0, 1, 1984.10, 914718, 4, 0, 0
372, 2311, 1, 2, 0, 0, 0.01%, 0, 0, 1, 2015.70, 924639, 4, 0, 0
377, 2332, 1, 2, 0, 0, 0.01%, 0, 0, 1, 1786.14, 933110, 4, 0, 0
382, 2358, 0, 2, 0, 0, 0.01%, 0, 0, 1, 1999.94, 943479, 4, 0, 0
387, 2381, 1, 2, 0, 0, 0.01%, 0, 0, 1, 1869.82, 952814, 4, 0, 0
386, 2391, 1, 2, 0, 0, 0.01%, 0, 0, 1, 0.00, 956579, 4, 0, 0
391, 2419, 0, 2, 0, 0, 0.01%, 0, 0, 1, 2227.63, 967828, 4, 0, 0
396, 2446, 1, 2, 0, 0, 0.01%, 0, 0, 1, 2177.26, 978639, 4, 0, 0
401, 2475, 1, 2, 0, 0, 0.01%, 0, 0, 1, 2299.42, 990332, 4, 0, 0
406, 2506, 1, 2, 0, 0, 0.01%, 0, 0, 1, 2295.74, 1002530, 4, 0, 0
411, 2535, 0, 2, 0, 0, 0.01%, 0, 0, 1, 2237.23, 1014328, 4, 0, 0
417, 2566, 1, 2, 0, 0, 0.01%, 0, 0, 1, 2389.35, 1026834, 4, 0, 0
415, 2576, 0, 2, 0, 0, 0.01%, 0, 0, 1, 0.00, 1030736, 4, 0, 0
420, 2607, 0, 2, 0, 0, 0.01%, 0, 0, 1, 2473.99, 1043189, 4, 0, 0
426, 2639, 1, 2, 0, 0, 0.01%, 0, 0, 1, 2421.32, 1055640, 4, 0, 0
431, 2665, 1, 2, 0, 0, 0.01%, 0, 0, 1, 2196.07, 1066083, 4, 0, 0
436, 2692, 1, 2, 0, 0, 0.01%, 0, 0, 1, 2142.01, 1076939, 4, 0, 0
441, 2715, 1, 2, 0, 0, 0.01%, 0, 0, 1, 1938.00, 1086116, 4, 0, 0
446, 2743, 0, 2, 0, 0, 0.01%, 0, 0, 1, 2136.04, 1097424, 4, 0, 0
445, 2752, 1, 2, 0, 0, 0.01%, 0, 0, 1, 0.00, 1101039, 4, 0, 0
450, 2780, 1, 2, 0, 0, 0.01%, 0, 0, 1, 2142.48, 1112139, 4, 0, 0
455, 2808, 1, 2, 0, 0, 0.01%, 0, 0, 1, 2140.66, 1123382, 4, 0, 0
460, 2833, 0, 2, 0, 0, 0.01%, 0, 0, 1, 2036.81, 1133580, 4, 0, 0
465, 2855, 1, 2, 0, 0, 0.01%, 0, 0, 1, 1743.63, 1142339, 4, 0, 0
470, 2886, 1, 2, 0, 0, 0.01%, 0, 0, 1, 2241.65, 1154628, 4, 0, 0
476, 2912, 0, 2, 0, 0, 0.01%, 0, 0, 1, 2027.86, 1165180, 4, 0, 0
474, 2920, 1, 2, 0, 0, 0.01%, 0, 0, 1, 0.00, 1168080, 4, 0, 0
479, 2944, 1, 2, 0, 0, 0.01%, 0, 0, 1, 1925.31, 1177739, 4, 0, 0
484, 2971, 0, 2, 0, 0, 0.01%, 0, 0, 1, 2277.18, 1188839, 4, 0, 0
489, 3001, 1, 2, 0, 0, 0.01%, 0, 0, 1, 2302.64, 1200732, 4, 0, 0
494, 3028, 1, 2, 0, 0, 0.01%, 0, 0, 1, 2250.03, 1211428, 4, 0, 0
499, 3053, 1, 2, 0, 0, 0.01%, 0, 0, 1, 1973.74, 1221318, 4, 0, 0
504, 3079, 1, 2, 0, 0, 0.01%, 0, 0, 1, 2043.60, 1231980, 4, 0, 0
503, 3089, 0, 2, 0, 0, 0.01%, 0, 0, 1, 0.00, 1235920, 4, 0, 0
509, 3116, 1, 2, 0, 0, 0.01%, 0, 0, 1, 2028.78, 1246480, 4, 0, 0
514, 3142, 0, 2, 0, 0, 0.01%, 0, 0, 1, 2061.24, 1256939, 4, 0, 0
519, 3173, 0, 2, 0, 0, 0.01%, 0, 0, 1, 2369.15, 1269487, 4, 0, 0
524, 3201, 1, 2, 0, 0, 0.01%, 0, 0, 1, 2263.77, 1280630, 4, 0, 0
529, 3229, 0, 2, 0, 0, 0.01%, 0, 0, 1, 2111.54, 1291782, 4, 0, 0
534, 3260, 1, 2, 0, 0, 0.01%, 0, 0, 1, 2373.30, 1304339, 4, 0, 0
533, 3269, 1, 2, 0, 0, 0.01%, 0, 0, 1, 0.00, 1307788, 4, 0, 0
538, 3298, 1, 2, 0, 0, 0.01%, 0, 0, 1, 2326.34, 1319634, 4, 0, 0
543, 3325, 1, 2, 0, 0, 0.01%, 0, 0, 1, 2236.88, 1330439, 4, 0, 0
548, 3349, 0, 2, 0, 0, 0.01%, 0, 0, 1, 2089.77, 1339981, 4, 0, 0
553, 3378, 1, 2, 0, 0, 0.01%, 0, 0, 1, 2241.91, 1351628, 4, 0, 0
558, 3405, 1, 2, 0, 0, 0.01%, 0, 0, 1, 2033.65, 1362322, 4, 0, 0
563, 3432, 1, 2, 0, 0, 0.01%, 0, 0, 1, 2109.11, 1373022, 4, 0, 0
562, 3440, 1, 2, 0, 0, 0.01%, 0, 0, 1, 0.00, 1376224, 4, 0, 0
567, 3466, 1, 2, 0, 0, 0.01%, 0, 0, 1, 1817.43, 1386514, 4, 0, 0
572, 3477, 0, 2, 0, 0, 0.01%, 0, 0, 1, 1073.89, 1391039, 4, 0, 0
576, 3485, 1, 2, 0, 0, 0.01%, 0, 0, 1, 986.05, 1394222, 4, 0, 0
