# relative_time, cycles_done, cur_item, corpus_count, pending_total, pending_favs, map_size, saved_crashes, saved_hangs, max_depth, execs_per_sec, total_execs, edges_found, total_crashes, servers_count
61, 317, 4, 5, 0, 0, 0.01%, 0, 0, 2, 3595.19, 226903, 7, 0, 0
66, 342, 3, 5, 0, 0, 0.01%, 0, 0, 2, 3579.51, 244903, 7, 0, 0
71, 368, 4, 5, 0, 0, 0.01%, 0, 0, 2, 3607.58, 263528, 7, 0, 0
76, 396, 4, 5, 0, 0, 0.01%, 0, 0, 2, 3485.36, 283901, 7, 0, 0
81, 422, 4, 5, 0, 0, 0.01%, 0, 0, 2, 3585.72, 302581, 7, 0, 0
87, 448, 2, 5, 0, 0, 0.01%, 0, 0, 2, 3557.20, 321153, 7, 0, 0
92, 472, 4, 5, 0, 0, 0.01%, 0, 0, 2, 3571.96, 339153, 7, 0, 0
97, 498, 0, 5, 0, 0, 0.01%, 0, 0, 2, 3539.63, 357527, 7, 0, 0
102, 523, 4, 5, 0, 0, 0.01%, 0, 0, 2, 3609.65, 375706, 7, 0, 0
107, 552, 3, 5, 0, 0, 0.01%, 0, 0, 2, 3341.34, 396039, 7, 0, 0
112, 577, 1, 5, 0, 0, 0.01%, 0, 0, 2, 3495.35, 414251, 7, 0, 0
117, 603, 2, 5, 0, 0, 0.01%, 0, 0, 2, 3538.48, 432772, 7, 0, 0
122, 623, 4, 5, 0, 0, 0.01%, 0, 0, 2, 3071.18, 447568, 7, 0, 0
127, 644, 4, 5, 0, 0, 0.01%, 0, 0, 2, 3003.12, 462556, 7, 0, 0
133, 667, 4, 5, 0, 0, 0.01%, 0, 0, 2, 3230.66, 479221, 7, 0, 0
138, 694, 0, 5, 0, 0, 0.01%, 0, 0, 2, 2829.23, 498537, 7, 0, 0
143, 719, 2, 5, 0, 0, 0.01%, 0, 0, 2, 3237.85, 516060, 7, 0, 0
148, 743, 4, 5, 0, 0, 0.01%, 0, 0, 2, 3295.38, 533181, 7, 0, 0
153, 766, 4, 5, 0, 0, 0.01%, 0, 0, 2, 3357.27, 550031, 7, 0, 0
158, 792, 4, 5, 0, 0, 0.01%, 0, 0, 2, 3402.47, 567681, 7, 0, 0
164, 817, 4, 5, 0, 0, 0.01%, 0, 0, 2, 3469.66, 585906, 7, 0, 0
169, 843, 3, 5, 0, 0, 0.01%, 0, 0, 2, 3454.17, 603201, 7, 0, 0
168, 843, 3, 5, 0, 0, 0.01%, 0, 0, 2, 0.00, 603870, 7, 0, 0
173, 867, 4, 5, 0, 0, 0.01%, 0, 0, 2, 3451.58, 621701, 7, 0, 0
178, 892, 4, 5, 0, 0, 0.01%, 0, 0, 2, 3525.61, 639403, 7, 0, 0
183, 917, 2, 5, 0, 0, 0.01%, 0, 0, 2, 3513.39, 657572, 7, 0, 0
189, 943, 4, 5, 0, 0, 0.01%, 0, 0, 2, 3452.74, 675507, 7, 0, 0
194, 968, 4, 5, 0, 0, 0.01%, 0, 0, 2, 3434.01, 693406, 7, 0, 0
199, 993, 4, 5, 0, 0, 0.01%, 0, 0, 2, 3473.27, 710901, 7, 0, 0
204, 1022, 0, 5, 0, 0, 0.01%, 0, 0, 2, 3477.62, 731526, 7, 0, 0
209, 1047, 4, 5, 0, 0, 0.01%, 0, 0, 2, 3454.24, 748876, 7, 0, 0
214, 1072, 3, 5, 0, 0, 0.01%, 0, 0, 2, 3493.38, 766551, 7, 0, 0
219, 1096, 4, 5, 0, 0, 0.01%, 0, 0, 2, 3466.37, 784101, 7, 0, 0
224, 1122, 0, 5, 0, 0, 0.01%, 0, 0, 2, 3458.17, 802032, 7, 0, 0
229, 1145, 0, 5, 0, 0, 0.01%, 0, 0, 2, 3277.86, 818372, 7, 0, 0
234, 1172, 2, 5, 0, 0, 0.01%, 0, 0, 2, 3197.20, 837860, 7, 0, 0
239, 1196, 2, 5, 0, 0, 0.01%, 0, 0, 2, 3357.91, 854966, 7, 0, 0
245, 1221, 3, 5, 0, 0, 0.01%, 0, 0, 2, 3463.32, 873020, 7, 0, 0
250, 1246, 4, 5, 0, 0, 0.01%, 0, 0, 2, 3518.77, 890831, 7, 0, 0
263, 1249, 3, 5, 0, 0, 0.01%, 0, 0, 2, 0.72, 893006, 7, 0, 0
263, 1252, 0, 5, 0, 0, 0.01%, 0, 0, 2, 0.00, 894954, 7, 0, 0
268, 1278, 4, 5, 0, 0, 0.01%, 0, 0, 2, 3470.47, 912926, 7, 0, 0
273, 1303, 0, 5, 0, 0, 0.01%, 0, 0, 2, 3565.94, 930878, 7, 0, 0
278, 1328, 1, 5, 0, 0, 0.01%, 0, 0, 2, 3584.71, 948778, 7, 0, 0
278, 1330, 4, 5, 0, 0, 0.01%, 0, 0, 2, 3610.15, 950035, 7, 0, 0
