# relative_time, cycles_done, cur_item, corpus_count, pending_total, pending_favs, map_size, saved_crashes, saved_hangs, max_depth, execs_per_sec, total_execs, edges_found, total_crashes, servers_count
60, 178, 1, 5, 0, 0, 0.01%, 0, 0, 2, 2297.37, 144770, 4, 0, 0
65, 193, 3, 5, 0, 0, 0.01%, 0, 0, 2, 2247.67, 156200, 4, 0, 0
70, 205, 3, 5, 0, 0, 0.01%, 0, 0, 2, 2054.75, 166653, 4, 0, 0
75, 219, 1, 5, 0, 0, 0.01%, 0, 0, 2, 2120.95, 177854, 4, 0, 0
81, 234, 1, 5, 0, 0, 0.01%, 0, 0, 2, 2104.82, 190228, 4, 0, 0
86, 248, 1, 5, 0, 0, 0.01%, 0, 0, 2, 2233.36, 201562, 4, 0, 0
91, 263, 4, 5, 0, 0, 0.01%, 0, 0, 2, 2281.48, 213525, 4, 0, 0
96, 278, 4, 5, 0, 0, 0.01%, 0, 0, 2, 2304.14, 225247, 4, 0, 0
101, 292, 3, 5, 0, 0, 0.01%, 0, 0, 2, 2263.53, 236625, 4, 0, 0
106, 307, 2, 5, 0, 0, 0.01%, 0, 0, 2, 2281.21, 248454, 4, 0, 0
111, 323, 2, 5, 0, 0, 0.01%, 0, 0, 2, 2255.90, 261829, 4, 0, 0
116, 337, 1, 5, 0, 0, 0.01%, 0, 0, 2, 2232.39, 272974, 4, 0, 0
121, 351, 4, 5, 0, 0, 0.01%, 0, 0, 2, 2194.97, 284391, 4, 0, 0
127, 365, 3, 5, 0, 0, 0.01%, 0, 0, 2, 2202.14, 295674, 4, 0, 0
132, 378, 2, 5, 0, 0, 0.01%, 0, 0, 2, 2230.46, 306824, 4, 0, 0
137, 393, 0, 5, 0, 0, 0.01%, 0, 0, 2, 2274.64, 318245, 4, 0, 0
142, 409, 4, 5, 0, 0, 0.01%, 0, 0, 2, 2306.87, 331576, 4, 0, 0
147, 423, 2, 5, 0, 0, 0.01%, 0, 0, 2, 2278.76, 342954, 4, 0, 0
152, 436, 4, 5, 0, 0, 0.01%, 0, 0, 2, 2216.35, 353968, 4, 0, 0
157, 450, 0, 5, 0, 0, 0.01%, 0, 0, 2, 2196.62, 365024, 4, 0, 0
162, 464, 0, 5, 0, 0, 0.01%, 0, 0, 2, 2216.33, 376618, 4, 0, 0
167, 478, 1, 5, 0, 0, 0.01%, 0, 0, 2, 2209.56, 387837, 4, 0, 0
219, 487, 1, 5, 0, 0, 0.01%, 0, 0, 2, 0.88, 395341, 4, 0, 0
224, 503, 0, 5, 0, 0, 0.01%, 0, 0, 2, 2320.25, 407701, 4, 0, 0
229, 518, 1, 5, 0, 0, 0.01%, 0, 0, 2, 2371.73, 419824, 4, 0, 0
234, 533, 4, 5, 0, 0, 0.01%, 0, 0, 2, 2265.27, 431325, 4, 0, 0
239, 548, 3, 5, 0, 0, 0.01%, 0, 0, 2, 2160.31, 443591, 4, 0, 0
244, 560, 2, 5, 0, 0, 0.01%, 0, 0, 2, 2071.15, 453779, 4, 0, 0
250, 574, 1, 5, 0, 0, 0.01%, 0, 0, 2, 2101.27, 464756, 4, 0, 0
251, 578, 3, 5, 0, 0, 0.01%, 0, 0, 2, 2080.00, 467641, 4, 0, 0
