# relative_time, cycles_done, cur_item, corpus_count, pending_total, pending_favs, map_size, saved_crashes, saved_hangs, max_depth, execs_per_sec, total_execs, edges_found, total_crashes, servers_count
61, 1117, 0, 2, 0, 0, 0.00%, 0, 0, 2, 3421.52, 223637, 2, 0, 0
66, 1209, 0, 2, 0, 0, 0.00%, 0, 0, 2, 3547.24, 242008, 2, 0, 0
71, 1296, 0, 2, 0, 0, 0.00%, 0, 0, 2, 3517.01, 259408, 2, 0, 0
76, 1388, 1, 2, 0, 0, 0.00%, 0, 0, 2, 3577.74, 277909, 2, 0, 0
81, 1492, 1, 2, 0, 0, 0.00%, 0, 0, 2, 3571.70, 298737, 2, 0, 0
86, 1581, 1, 2, 0, 0, 0.00%, 0, 0, 2, 3580.27, 316509, 2, 0, 0
91, 1664, 0, 2, 0, 0, 0.00%, 0, 0, 2, 3354.40, 333005, 2, 0, 0
96, 1732, 1, 2, 0, 0, 0.00%, 0, 0, 2, 2680.64, 346692, 2, 0, 0
101, 1799, 1, 2, 0, 0, 0.00%, 0, 0, 2, 2729.22, 360092, 2, 0, 0
106, 1881, 1, 2, 0, 0, 0.00%, 0, 0, 2, 3131.02, 376537, 2, 0, 0
111, 1978, 0, 2, 0, 0, 0.00%, 0, 0, 2, 3241.86, 395802, 2, 0, 0
116, 2068, 1, 2, 0, 0, 0.00%, 0, 0, 2, 3438.19, 413937, 2, 0, 0
122, 2160, 0, 2, 0, 0, 0.00%, 0, 0, 2, 3489.78, 432208, 2, 0, 0
127, 2245, 1, 2, 0, 0, 0.00%, 0, 0, 2, 3357.26, 449304, 2, 0, 0
132, 2325, 1, 2, 0, 0, 0.00%, 0, 0, 2, 3237.38, 465337, 2, 0, 0
137, 2410, 1, 2, 0, 0, 0.00%, 0, 0, 2, 3247.95, 482302, 2, 0, 0
142, 2510, 1, 2, 0, 0, 0.00%, 0, 0, 2, 3430.30, 502306, 2, 0, 0
147, 2601, 0, 2, 0, 0, 0.00%, 0, 0, 2, 3500.08, 520407, 2, 0, 0
153, 2693, 1, 2, 0, 0, 0.00%, 0, 0, 2, 3548.49, 538908, 2, 0, 0
158, 2785, 0, 2, 0, 0, 0.00%, 0, 0, 2, 3546.81, 557209, 2, 0, 0
163, 2876, 0, 2, 0, 0, 0.00%, 0, 0, 2, 3515.97, 575437, 2, 0, 0
168, 2967, 0, 2, 0, 0, 0.00%, 0, 0, 2, 3483.14, 593607, 2, 0, 0
173, 3058, 1, 2, 0, 0, 0.00%, 0, 0, 2, 3545.82, 611937, 2, 0, 0
173, 3060, 1, 2, 0, 0, 0.00%, 0, 0, 2, 0.00, 612308, 2, 0, 0
178, 3145, 0, 2, 0, 0, 0.00%, 0, 0, 2, 3326.22, 629205, 2, 0, 0
183, 3234, 1, 2, 0, 0, 0.00%, 0, 0, 2, 3456.85, 647137, 2, 0, 0
188, 3325, 1, 2, 0, 0, 0.00%, 0, 0, 2, 3507.09, 665337, 2, 0, 0
193, 3415, 1, 2, 0, 0, 0.00%, 0, 0, 2, 3455.55, 683307, 2, 0, 0
198, 3504, 0, 2, 0, 0, 0.00%, 0, 0, 2, 3456.96, 701007, 2, 0, 0
203, 3592, 0, 2, 0, 0, 0.00%, 0, 0, 2, 3490.13, 718607, 2, 0, 0
209, 3694, 1, 2, 0, 0, 0.00%, 0, 0, 2, 3476.72, 739137, 2, 0, 0
214, 3785, 1, 2, 0, 0, 0.00%, 0, 0, 2, 3493.21, 757337, 2, 0, 0
219, 3875, 0, 2, 0, 0, 0.00%, 0, 0, 2, 3387.38, 775206, 2, 0, 0
224, 3957, 0, 2, 0, 0, 0.00%, 0, 0, 2, 3178.90, 791601, 2, 0, 0
229, 4034, 0, 2, 0, 0, 0.00%, 0, 0, 2, 3106.45, 806999, 2, 0, 0
234, 4122, 1, 2, 0, 0, 0.00%, 0, 0, 2, 3377.56, 824705, 2, 0, 0
239, 4223, 0, 2, 0, 0, 0.00%, 0, 0, 2, 3408.57, 844806, 2, 0, 0
245, 4310, 1, 2, 0, 0, 0.00%, 0, 0, 2, 3415.48, 862337, 2, 0, 0
250, 4397, 1, 2, 0, 0, 0.00%, 0, 0, 2, 3457.87, 879737, 2, 0, 0
255, 4486, 0, 2, 0, 0, 0.00%, 0, 0, 2, 3437.83, 897437, 2, 0, 0
260, 4575, 0, 2, 0, 0, 0.00%, 0, 0, 2, 3429.59, 915237, 2, 0, 0
265, 4663, 1, 2, 0, 0, 0.00%, 0, 0, 2, 3444.60, 932937, 2, 0, 0
270, 4763, 1, 2, 0, 0, 0.00%, 0, 0, 2, 3464.53, 952937, 2, 0, 0
275, 4853, 0, 2, 0, 0, 0.00%, 0, 0, 2, 3420.93, 970806, 2, 0, 0
280, 4941, 1, 2, 0, 0, 0.00%, 0, 0, 2, 3416.90, 988506, 2, 0, 0
286, 5027, 1, 2, 0, 0, 0.00%, 0, 0, 2, 3330.98, 1005704, 2, 0, 0
291, 5113, 1, 2, 0, 0, 0.00%, 0, 0, 2, 3326.27, 1022904, 2, 0, 0
296, 5201, 0, 2, 0, 0, 0.00%, 0, 0, 2, 3377.65, 1040405, 2, 0, 0
301, 5301, 0, 2, 0, 0, 0.00%, 0, 0, 2, 3545.40, 1060408, 2, 0, 0
306, 5388, 1, 2, 0, 0, 0.00%, 0, 0, 2, 3453.59, 1077937, 2, 0, 0
311, 5479, 0, 2, 0, 0, 0.00%, 0, 0, 2, 3499.00, 1096037, 2, 0, 0
317, 5566, 0, 2, 0, 0, 0.00%, 0, 0, 2, 3367.02, 1113405, 2, 0, 0
322, 5652, 1, 2, 0, 0, 0.00%, 0, 0, 2, 3374.55, 1130737, 2, 0, 0
327, 5736, 1, 2, 0, 0, 0.00%, 0, 0, 2, 3345.56, 1147505, 2, 0, 0
332, 5837, 1, 2, 0, 0, 0.00%, 0, 0, 2, 3371.27, 1167705, 2, 0, 0
337, 5927, 1, 2, 0, 0, 0.00%, 0, 0, 2, 3465.55, 1185737, 2, 0, 0
389, 5935, 1, 2, 0, 0, 0.00%, 0, 0, 2, 0.02, 1187238, 2, 0, 0
394, 6040, 0, 2, 0, 0, 0.00%, 0, 0, 2, 3658.23, 1208211, 2, 0, 0
406, 6086, 1, 2, 0, 0, 0.00%, 0, 0, 2, 0.11, 1217438, 2, 0, 0
411, 6180, 1, 2, 0, 0, 0.00%, 0, 0, 2, 3458.56, 1236306, 2, 0, 0
416, 6270, 0, 2, 0, 0, 0.00%, 0, 0, 2, 3569.15, 1254209, 2, 0, 0
421, 6361, 1, 2, 0, 0, 0.00%, 0, 0, 2, 3610.00, 1272537, 2, 0, 0
426, 6466, 1, 2, 0, 0, 0.00%, 0, 0, 2, 3629.51, 1293510, 2, 0, 0
431, 6557, 0, 2, 0, 0, 0.00%, 0, 0, 2, 3617.21, 1311610, 2, 0, 0
436, 6647, 0, 2, 0, 0, 0.00%, 0, 0, 2, 3604.99, 1329637, 2, 0, 0
441, 6737, 1, 2, 0, 0, 0.00%, 0, 0, 2, 3595.31, 1347737, 2, 0, 0
446, 6824, 1, 2, 0, 0, 0.00%, 0, 0, 2, 3499.84, 1365107, 2, 0, 0
451, 6913, 1, 2, 0, 0, 0.00%, 0, 0, 2, 3562.00, 1382909, 2, 0, 0
456, 7000, 0, 2, 0, 0, 0.00%, 0, 0, 2, 3468.30, 1400208, 2, 0, 0
461, 7103, 0, 2, 0, 0, 0.00%, 0, 0, 2, 3550.50, 1420837, 2, 0, 0
466, 7192, 1, 2, 0, 0, 0.00%, 0, 0, 2, 3450.50, 1438706, 2, 0, 0
472, 7283, 0, 2, 0, 0, 0.00%, 0, 0, 2, 3476.49, 1456807, 2, 0, 0
477, 7375, 0, 2, 0, 0, 0.00%, 0, 0, 2, 3529.32, 1475237, 2, 0, 0
482, 7465, 1, 2, 0, 0, 0.00%, 0, 0, 2, 3473.62, 1493307, 2, 0, 0
487, 7554, 1, 2, 0, 0, 0.00%, 0, 0, 2, 3455.56, 1511106, 2, 0, 0
492, 7658, 1, 2, 0, 0, 0.00%, 0, 0, 2, 3512.71, 1531937, 2, 0, 0
498, 7749, 1, 2, 0, 0, 0.00%, 0, 0, 2, 3525.99, 1550137, 2, 0, 0
503, 7841, 0, 2, 0, 0, 0.00%, 0, 0, 2, 3517.74, 1568408, 2, 0, 0
508, 7931, 0, 2, 0, 0, 0.00%, 0, 0, 2, 3452.00, 1586407, 2, 0, 0
513, 8021, 0, 2, 0, 0, 0.00%, 0, 0, 2, 3449.34, 1604437, 2, 0, 0
518, 8110, 1, 2, 0, 0, 0.00%, 0, 0, 2, 3422.97, 1622306, 2, 0, 0
523, 8212, 1, 2, 0, 0, 0.00%, 0, 0, 2, 3474.08, 1642707, 2, 0, 0
529, 8304, 0, 2, 0, 0, 0.00%, 0, 0, 2, 3513.73, 1661037, 2, 0, 0
534, 8393, 1, 2, 0, 0, 0.00%, 0, 0, 2, 3449.03, 1678937, 2, 0, 0
539, 8482, 1, 2, 0, 0, 0.00%, 0, 0, 2, 3413.02, 1696706, 2, 0, 0
544, 8572, 0, 2, 0, 0, 0.00%, 0, 0, 2, 3458.58, 1714637, 2, 0, 0
549, 8659, 1, 2, 0, 0, 0.00%, 0, 0, 2, 3488.08, 1732137, 2, 0, 0
554, 8760, 1, 2, 0, 0, 0.00%, 0, 0, 2, 3534.47, 1752337, 2, 0, 0
560, 8851, 0, 2, 0, 0, 0.00%, 0, 0, 2, 3484.99, 1770437, 2, 0, 0
565, 8940, 0, 2, 0, 0, 0.00%, 0, 0, 2, 3420.38, 1788206, 2, 0, 0
570, 9029, 1, 2, 0, 0, 0.00%, 0, 0, 2, 3432.70, 1806106, 2, 0, 0
575, 9118, 0, 2, 0, 0, 0.00%, 0, 0, 2, 3435.14, 1823837, 2, 0, 0
580, 9204, 1, 2, 0, 0, 0.00%, 0, 0, 2, 3455.18, 1841106, 2, 0, 0
585, 9304, 1, 2, 0, 0, 0.00%, 0, 0, 2, 3316.44, 1861103, 2, 0, 0
590, 9392, 1, 2, 0, 0, 0.00%, 0, 0, 2, 3391.10, 1878705, 2, 0, 0
595, 9480, 0, 2, 0, 0, 0.00%, 0, 0, 2, 3470.93, 1896207, 2, 0, 0
600, 9565, 1, 2, 0, 0, 0.00%, 0, 0, 2, 3423.13, 1913306, 2, 0, 0
605, 9637, 0, 2, 0, 0, 0.00%, 0, 0, 2, 2892.04, 1927595, 2, 0, 0
611, 9712, 0, 2, 0, 0, 0.00%, 0, 0, 2, 3003.74, 1942637, 2, 0, 0
616, 9789, 0, 2, 0, 0, 0.00%, 0, 0, 2, 3235.33, 1958002, 2, 0, 0
621, 9860, 1, 2, 0, 0, 0.00%, 0, 0, 2, 2795.99, 1972294, 2, 0, 0
626, 9940, 1, 2, 0, 0, 0.00%, 0, 0, 2, 3061.06, 1988337, 2, 0, 0
631, 10021, 0, 2, 0, 0, 0.00%, 0, 0, 2, 3112.84, 2004400, 2, 0, 0
636, 10093, 0, 2, 0, 0, 0.00%, 0, 0, 2, 2985.69, 2018837, 2, 0, 0
641, 10145, 1, 2, 0, 0, 0.00%, 0, 0, 2, 2196.82, 2029326, 2, 0, 0
646, 10229, 1, 2, 0, 0, 0.00%, 0, 0, 2, 2671.79, 2046091, 2, 0, 0
651, 10298, 1, 2, 0, 0, 0.00%, 0, 0, 2, 2715.54, 2059892, 2, 0, 0
656, 10375, 1, 2, 0, 0, 0.00%, 0, 0, 2, 3011.31, 2075337, 2, 0, 0
661, 10459, 0, 2, 0, 0, 0.00%, 0, 0, 2, 3190.58, 2092001, 2, 0, 0
666, 10538, 0, 2, 0, 0, 0.00%, 0, 0, 2, 3159.03, 2107801, 2, 0, 0
671, 10617, 0, 2, 0, 0, 0.00%, 0, 0, 2, 3159.72, 2123601, 2, 0, 0
676, 10699, 0, 2, 0, 0, 0.00%, 0, 0, 2, 3238.15, 2140002, 2, 0, 0
681, 10794, 0, 2, 0, 0, 0.00%, 0, 0, 2, 3307.50, 2159004, 2, 0, 0
686, 10877, 1, 2, 0, 0, 0.00%, 0, 0, 2, 3338.85, 2175704, 2, 0, 0
691, 10959, 0, 2, 0, 0, 0.00%, 0, 0, 2, 3277.43, 2192003, 2, 0, 0
697, 11041, 0, 2, 0, 0, 0.00%, 0, 0, 2, 3159.34, 2208400, 2, 0, 0
702, 11122, 1, 2, 0, 0, 0.00%, 0, 0, 2, 3232.33, 2224702, 2, 0, 0
707, 11206, 0, 2, 0, 0, 0.00%, 0, 0, 2, 3203.17, 2241402, 2, 0, 0
710, 11268, 1, 2, 0, 0, 0.00%, 0, 0, 2, 3206.62, 2253809, 2, 0, 0
