# relative_time, cycles_done, cur_item, corpus_count, pending_total, pending_favs, map_size, saved_crashes, saved_hangs, max_depth, execs_per_sec, total_execs, edges_found, total_crashes, servers_count
61, 28, 3, 4, 0, 0, 0.01%, 2, 2, 2, 196.78, 22362, 9, 3018, 0
66, 30, 3, 4, 0, 0, 0.01%, 2, 2, 2, 166.41, 23917, 9, 3233, 0
71, 34, 3, 4, 0, 0, 0.01%, 2, 2, 2, 461.10, 26485, 9, 3423, 0
76, 37, 3, 4, 0, 0, 0.01%, 2, 2, 2, 167.25, 28589, 9, 3829, 0
81, 40, 3, 4, 0, 0, 0.01%, 2, 2, 2, 321.97, 30608, 9, 4045, 0
87, 41, 3, 4, 0, 0, 0.01%, 2, 2, 2, 208.09, 31897, 9, 4247, 0
92, 45, 3, 4, 0, 0, 0.01%, 2, 2, 2, 1407.81, 34254, 9, 4497, 0
97, 46, 2, 4, 0, 0, 0.01%, 2, 2, 2, 231.23, 35632, 9, 4731, 0
102, 50, 3, 4, 0, 0, 0.01%, 2, 2, 2, 294.40, 37872, 9, 4938, 0
107, 54, 3, 4, 0, 0, 0.01%, 2, 2, 2, 233.30, 41048, 9, 5199, 0
112, 57, 1, 4, 0, 0, 0.01%, 2, 2, 2, 1766.17, 42811, 9, 5398, 0
117, 60, 3, 4, 0, 0, 0.01%, 2, 2, 2, 441.88, 45398, 9, 5608, 0
122, 64, 0, 4, 0, 0, 0.01%, 2, 2, 2, 421.91, 47618, 9, 5798, 0
127, 69, 3, 4, 0, 0, 0.01%, 2, 2, 2, 126.45, 51106, 9, 6013, 0
132, 71, 3, 4, 0, 0, 0.01%, 2, 2, 2, 237.80, 52584, 9, 6151, 0
132, 72, 1, 4, 0, 0, 0.01%, 2, 2, 2, 0.00, 53296, 9, 6194, 0
137, 74, 3, 4, 0, 0, 0.01%, 2, 2, 2, 436.55, 55075, 9, 6342, 0
142, 76, 3, 4, 0, 0, 0.01%, 2, 2, 2, 300.88, 56364, 9, 6521, 0
147, 79, 3, 4, 0, 0, 0.01%, 2, 2, 2, 375.32, 58654, 9, 6745, 0
152, 80, 3, 4, 0, 0, 0.01%, 2, 2, 2, 271.20, 59841, 9, 6938, 0
157, 82, 3, 4, 0, 0, 0.01%, 2, 2, 2, 293.33, 61341, 9, 7079, 0
162, 85, 3, 4, 0, 0, 0.01%, 2, 2, 2, 236.69, 63528, 9, 7320, 0
162, 86, 3, 4, 0, 0, 0.01%, 2, 2, 2, 0.00, 63858, 9, 7380, 0
167, 89, 3, 4, 0, 0, 0.01%, 2, 2, 2, 207.30, 65929, 9, 7614, 0
172, 91, 3, 4, 0, 0, 0.01%, 2, 2, 2, 160.92, 67751, 9, 7867, 0
177, 94, 0, 4, 0, 0, 0.01%, 2, 2, 2, 282.52, 69656, 9, 8101, 0
182, 97, 3, 4, 0, 0, 0.01%, 2, 2, 2, 495.92, 72226, 9, 8329, 0
187, 101, 3, 4, 0, 0, 0.01%, 2, 2, 2, 246.57, 74870, 9, 8520, 0
192, 105, 3, 4, 0, 0, 0.01%, 2, 2, 2, 143.81, 77436, 9, 8781, 0
191, 105, 3, 4, 0, 0, 0.01%, 2, 2, 2, 0.00, 77624, 9, 8841, 0
197, 107, 3, 4, 0, 0, 0.01%, 2, 2, 2, 571.36, 79286, 9, 9021, 0
202, 111, 3, 4, 0, 0, 0.01%, 2, 2, 2, 656.81, 81593, 9, 9294, 0
207, 113, 3, 4, 0, 0, 0.01%, 2, 2, 2, 426.79, 83484, 9, 9583, 0
212, 115, 1, 4, 0, 0, 0.01%, 2, 2, 2, 1588.24, 85149, 9, 9867, 0
217, 119, 3, 4, 0, 0, 0.01%, 2, 2, 2, 155.51, 87352, 9, 10102, 0
222, 122, 1, 4, 0, 0, 0.01%, 2, 2, 2, 356.59, 89575, 9, 10294, 0
221, 122, 3, 4, 0, 0, 0.01%, 2, 2, 2, 0.00, 90164, 9, 10404, 0
226, 125, 3, 4, 0, 0, 0.01%, 2, 2, 2, 120.45, 91962, 9, 10628, 0
231, 128, 3, 4, 0, 0, 0.01%, 2, 2, 2, 252.58, 93976, 9, 10853, 0
237, 132, 3, 4, 0, 0, 0.01%, 2, 2, 2, 287.51, 96736, 9, 11092, 0
242, 134, 3, 4, 0, 0, 0.01%, 2, 2, 2, 158.57, 98294, 9, 11328, 0
247, 138, 3, 4, 0, 0, 0.01%, 2, 2, 2, 1504.50, 100942, 9, 11530, 0
252, 140, 3, 4, 0, 0, 0.01%, 2, 2, 2, 183.91, 102575, 9, 11775, 0
251, 141, 2, 4, 0, 0, 0.01%, 2, 2, 2, 0.00, 103046, 9, 11872, 0
256, 143, 3, 4, 0, 0, 0.01%, 2, 2, 2, 705.38, 104888, 9, 12060, 0
261, 145, 3, 4, 0, 0, 0.01%, 2, 2, 2, 226.16, 106646, 9, 12270, 0
266, 148, 3, 4, 0, 0, 0.01%, 2, 2, 2, 284.62, 108875, 9, 12518, 0
271, 152, 3, 4, 0, 0, 0.01%, 2, 2, 2, 187.18, 111340, 9, 12690, 0
277, 155, 3, 4, 0, 0, 0.01%, 2, 2, 2, 359.02, 113960, 9, 12813, 0
282, 157, 3, 4, 0, 0, 0.01%, 2, 2, 2, 351.86, 115531, 9, 13018, 0
281, 159, 2, 4, 0, 0, 0.01%, 2, 2, 2, 0.00, 116378, 9, 13110, 0
286, 161, 2, 4, 0, 0, 0.01%, 2, 2, 2, 2182.65, 118398, 9, 13337, 0
291, 163, 3, 4, 0, 0, 0.01%, 2, 2, 2, 205.60, 119900, 9, 13556, 0
296, 167, 3, 4, 0, 0, 0.01%, 2, 2, 2, 356.33, 122324, 9, 13732, 0
301, 170, 3, 4, 0, 0, 0.01%, 2, 2, 2, 199.02, 124394, 9, 13933, 0
306, 172, 0, 4, 0, 0, 0.01%, 2, 2, 2, 302.67, 126238, 9, 14185, 0
311, 175, 3, 4, 0, 0, 0.01%, 2, 2, 2, 134.21, 128446, 9, 14363, 0
311, 175, 3, 4, 0, 0, 0.01%, 2, 2, 2, 0.00, 128773, 9, 14423, 0
316, 179, 3, 4, 0, 0, 0.01%, 2, 2, 2, 166.24, 131420, 9, 14650, 0
321, 183, 3, 4, 0, 0, 0.01%, 2, 2, 2, 342.24, 133768, 9, 14906, 0
326, 185, 3, 4, 0, 0, 0.01%, 2, 2, 2, 115.40, 135520, 9, 15163, 0
331, 189, 3, 4, 0, 0, 0.01%, 2, 2, 2, 689.80, 138249, 9, 15388, 0
336, 191, 3, 4, 0, 0, 0.01%, 2, 2, 2, 1190.24, 139508, 9, 15655, 0
341, 193, 3, 4, 0, 0, 0.01%, 2, 2, 2, 292.52, 141046, 9, 15830, 0
341, 193, 3, 4, 0, 0, 0.01%, 2, 2, 2, 0.00, 141646, 9, 15891, 0
346, 196, 3, 4, 0, 0, 0.01%, 2, 2, 2, 426.50, 143490, 9, 16078, 0
351, 197, 3, 4, 0, 0, 0.01%, 2, 2, 2, 272.05, 144661, 9, 16325, 0
356, 201, 3, 4, 0, 0, 0.01%, 2, 2, 2, 596.25, 147322, 9, 16566, 0
361, 205, 2, 4, 0, 0, 0.01%, 2, 2, 2, 473.00, 149816, 9, 16849, 0
366, 207, 3, 4, 0, 0, 0.01%, 2, 2, 2, 356.58, 151346, 9, 17050, 0
371, 209, 3, 4, 0, 0, 0.01%, 2, 2, 2, 327.04, 153090, 9, 17280, 0
370, 211, 3, 4, 0, 0, 0.01%, 2, 2, 2, 0.00, 154166, 9, 17328, 0
376, 214, 3, 4, 0, 0, 0.01%, 2, 2, 2, 232.37, 156330, 9, 17565, 0
381, 216, 3, 4, 0, 0, 0.01%, 2, 2, 2, 290.03, 157992, 9, 17792, 0
386, 221, 3, 4, 0, 0, 0.01%, 2, 2, 2, 1272.03, 161251, 9, 17997, 0
391, 222, 3, 4, 0, 0, 0.01%, 2, 2, 2, 369.97, 162433, 9, 18306, 0
396, 226, 3, 4, 0, 0, 0.01%, 2, 2, 2, 486.02, 164966, 9, 18535, 0
401, 229, 1, 4, 0, 0, 0.01%, 2, 2, 2, 1040.57, 167036, 9, 18748, 0
400, 230, 3, 4, 0, 0, 0.01%, 2, 2, 2, 0.00, 167787, 9, 18789, 0
405, 232, 3, 4, 0, 0, 0.01%, 2, 2, 2, 432.96, 169548, 9, 19043, 0
410, 234, 3, 4, 0, 0, 0.01%, 2, 2, 2, 294.34, 170856, 9, 19221, 0
415, 238, 0, 4, 0, 0, 0.01%, 2, 2, 2, 141.64, 173478, 9, 19385, 0
420, 240, 3, 4, 0, 0, 0.01%, 2, 2, 2, 176.65, 175363, 9, 19573, 0
426, 242, 3, 4, 0, 0, 0.01%, 2, 2, 2, 1068.97, 176936, 9, 19723, 0
431, 245, 3, 4, 0, 0, 0.01%, 2, 2, 2, 335.06, 178801, 9, 19958, 0
430, 246, 3, 4, 0, 0, 0.01%, 2, 2, 2, 0.00, 179275, 9, 20060, 0
435, 249, 3, 4, 0, 0, 0.01%, 2, 2, 2, 149.67, 181658, 9, 20265, 0
440, 252, 3, 4, 0, 0, 0.01%, 2, 2, 2, 179.98, 183549, 9, 20505, 0
445, 254, 3, 4, 0, 0, 0.01%, 2, 2, 2, 267.10, 185206, 9, 20744, 0
450, 257, 3, 4, 0, 0, 0.01%, 2, 2, 2, 238.23, 187116, 9, 20892, 0
455, 258, 3, 4, 0, 0, 0.01%, 2, 2, 2, 233.83, 188332, 9, 21037, 0
461, 260, 3, 4, 0, 0, 0.01%, 2, 2, 2, 189.92, 190038, 9, 21246, 0
460, 261, 3, 4, 0, 0, 0.01%, 2, 2, 2, 0.00, 190375, 9, 21325, 0
465, 263, 3, 4, 0, 0, 0.01%, 2, 2, 2, 149.22, 192218, 9, 21566, 0
470, 265, 3, 4, 0, 0, 0.01%, 2, 2, 2, 219.54, 193630, 9, 21758, 0
475, 268, 3, 4, 0, 0, 0.01%, 2, 2, 2, 206.57, 195974, 9, 22022, 0
480, 272, 3, 4, 0, 0, 0.01%, 2, 2, 2, 191.55, 198448, 9, 22248, 0
485, 275, 3, 4, 0, 0, 0.01%, 2, 2, 2, 237.67, 200480, 9, 22507, 0
490, 277, 2, 4, 0, 0, 0.01%, 2, 2, 2, 381.79, 202382, 9, 22818, 0
489, 278, 2, 4, 0, 0, 0.01%, 2, 2, 2, 0.00, 203124, 9, 22892, 0
494, 281, 3, 4, 0, 0, 0.01%, 2, 2, 2, 270.32, 204936, 9, 23185, 0
500, 284, 3, 4, 0, 0, 0.01%, 2, 2, 2, 1426.72, 207206, 9, 23381, 0
505, 287, 3, 4, 0, 0, 0.01%, 2, 2, 2, 270.41, 209281, 9, 23534, 0
510, 290, 3, 4, 0, 0, 0.01%, 2, 2, 2, 272.75, 211296, 9, 23748, 0
515, 291, 3, 4, 0, 0, 0.01%, 2, 2, 2, 144.97, 212614, 9, 23989, 0
520, 294, 3, 4, 0, 0, 0.01%, 2, 2, 2, 266.09, 214311, 9, 24300, 0
519, 294, 3, 4, 0, 0, 0.01%, 2, 2, 2, 0.00, 214731, 9, 24338, 0
524, 297, 3, 4, 0, 0, 0.01%, 2, 2, 2, 679.84, 216810, 9, 24512, 0
529, 298, 3, 4, 0, 0, 0.01%, 2, 2, 2, 326.03, 217970, 9, 24717, 0
534, 301, 3, 4, 0, 0, 0.01%, 2, 2, 2, 297.34, 219960, 9, 24888, 0
539, 304, 3, 4, 0, 0, 0.01%, 2, 2, 2, 191.61, 222083, 9, 25129, 0
545, 307, 3, 4, 0, 0, 0.01%, 2, 2, 2, 140.68, 224420, 9, 25405, 0
550, 309, 3, 4, 0, 0, 0.01%, 2, 2, 2, 275.19, 225946, 9, 25626, 0
549, 310, 3, 4, 0, 0, 0.01%, 2, 2, 2, 0.00, 226770, 9, 25699, 0
552, 311, 3, 4, 0, 0, 0.01%, 2, 2, 2, 157.84, 227536, 9, 25881, 0
