# relative_time, cycles_done, cur_item, corpus_count, pending_total, pending_favs, map_size, saved_crashes, saved_hangs, max_depth, execs_per_sec, total_execs, edges_found, total_crashes, servers_count
60, 217, 3, 5, 0, 0, 50.00%, 0, 0, 2, 2410.43, 152844, 6, 0, 0
66, 234, 0, 5, 0, 0, 50.00%, 0, 0, 2, 2373.84, 165043, 6, 0, 0
71, 252, 3, 5, 0, 0, 50.00%, 0, 0, 2, 2375.06, 177290, 6, 0, 0
76, 274, 0, 5, 0, 0, 50.00%, 0, 0, 2, 2431.76, 192944, 6, 0, 0
81, 292, 1, 5, 0, 0, 50.00%, 0, 0, 2, 2444.37, 205392, 6, 0, 0
86, 310, 0, 5, 0, 0, 50.00%, 0, 0, 2, 2395.90, 217790, 6, 0, 0
91, 327, 3, 5, 0, 0, 50.00%, 0, 0, 2, 2348.65, 229795, 6, 0, 0
97, 344, 1, 5, 0, 0, 50.00%, 0, 0, 2, 2324.19, 241888, 6, 0, 0
102, 362, 2, 5, 0, 0, 50.00%, 0, 0, 2, 2358.28, 254090, 6, 0, 0
107, 384, 3, 5, 0, 0, 50.00%, 0, 0, 2, 2371.49, 269490, 6, 0, 0
112, 401, 2, 5, 0, 0, 50.00%, 0, 0, 2, 2349.53, 281688, 6, 0, 0
117, 418, 0, 5, 0, 0, 50.00%, 0, 0, 2, 2314.67, 293242, 6, 0, 0
122, 434, 1, 5, 0, 0, 50.00%, 0, 0, 2, 2245.81, 304541, 6, 0, 0
127, 451, 2, 5, 0, 0, 50.00%, 0, 0, 2, 2351.01, 316688, 6, 0, 0
132, 468, 3, 5, 0, 0, 50.00%, 0, 0, 2, 2312.79, 328342, 6, 0, 0
137, 489, 3, 5, 0, 0, 50.00%, 0, 0, 2, 2263.28, 343141, 6, 0, 0
142, 505, 2, 5, 0, 0, 50.00%, 0, 0, 2, 2308.69, 354742, 6, 0, 0
147, 522, 3, 5, 0, 0, 50.00%, 0, 0, 2, 2301.56, 366286, 6, 0, 0
152, 538, 3, 5, 0, 0, 50.00%, 0, 0, 2, 2258.40, 377641, 6, 0, 0
158, 554, 0, 5, 0, 0, 50.00%, 0, 0, 2, 2266.71, 389041, 6, 0, 0
163, 571, 1, 5, 0, 0, 50.00%, 0, 0, 2, 2286.85, 400741, 6, 0, 0
168, 593, 3, 5, 0, 0, 50.00%, 0, 0, 2, 2263.43, 416141, 6, 0, 0
173, 610, 2, 5, 0, 0, 50.00%, 0, 0, 2, 2279.93, 427686, 6, 0, 0
178, 626, 1, 5, 0, 0, 50.00%, 0, 0, 2, 2281.51, 439186, 6, 0, 0
183, 642, 4, 5, 0, 0, 50.00%, 0, 0, 2, 2241.43, 450541, 6, 0, 0
188, 659, 2, 5, 0, 0, 50.00%, 0, 0, 2, 2282.63, 461986, 6, 0, 0
193, 675, 0, 5, 0, 0, 50.00%, 0, 0, 2, 2254.99, 473740, 6, 0, 0
198, 695, 2, 5, 0, 0, 50.00%, 0, 0, 2, 2140.33, 487438, 6, 0, 0
203, 710, 3, 5, 0, 0, 50.00%, 0, 0, 2, 2067.26, 497978, 6, 0, 0
208, 726, 1, 5, 0, 0, 50.00%, 0, 0, 2, 2240.95, 509340, 6, 0, 0
213, 743, 2, 5, 0, 0, 50.00%, 0, 0, 2, 2298.49, 520786, 6, 0, 0
218, 759, 3, 5, 0, 0, 50.00%, 0, 0, 2, 2283.57, 532341, 6, 0, 0
223, 776, 0, 5, 0, 0, 50.00%, 0, 0, 2, 2289.11, 543986, 6, 0, 0
229, 797, 0, 5, 0, 0, 50.00%, 0, 0, 2, 2222.30, 558536, 6, 0, 0
