# relative_time, cycles_done, cur_item, corpus_count, pending_total, pending_favs, map_size, saved_crashes, saved_hangs, max_depth, execs_per_sec, total_execs, edges_found, total_crashes, servers_count
61, 401, 2, 5, 0, 0, 0.01%, 0, 0, 3, 3614.99, 221453, 7, 0, 0
66, 439, 3, 5, 0, 0, 0.01%, 0, 0, 3, 3503.19, 242571, 7, 0, 0
71, 473, 2, 5, 0, 0, 0.01%, 0, 0, 3, 3561.85, 261052, 7, 0, 0
76, 505, 3, 5, 0, 0, 0.01%, 0, 0, 3, 3535.70, 278731, 7, 0, 0
81, 539, 1, 5, 0, 0, 0.01%, 0, 0, 3, 3571.27, 297277, 7, 0, 0
86, 571, 4, 5, 0, 0, 0.01%, 0, 0, 3, 3551.65, 315252, 7, 0, 0
91, 604, 2, 5, 0, 0, 0.01%, 0, 0, 3, 3562.00, 333171, 7, 0, 0
96, 641, 0, 5, 0, 0, 0.01%, 0, 0, 3, 3468.83, 353300, 7, 0, 0
102, 674, 4, 5, 0, 0, 0.01%, 0, 0, 3, 3538.56, 371930, 7, 0, 0
107, 708, 1, 5, 0, 0, 0.01%, 0, 0, 3, 3554.94, 390227, 7, 0, 0
112, 740, 3, 5, 0, 0, 0.01%, 0, 0, 3, 3558.42, 408123, 7, 0, 0
117, 773, 4, 5, 0, 0, 0.01%, 0, 0, 3, 3534.22, 426351, 7, 0, 0
122, 808, 1, 5, 0, 0, 0.01%, 0, 0, 3, 3605.07, 445227, 7, 0, 0
127, 845, 2, 5, 0, 0, 0.01%, 0, 0, 3, 3374.44, 465648, 7, 0, 0
132, 878, 2, 5, 0, 0, 0.01%, 0, 0, 3, 3489.99, 483869, 7, 0, 0
138, 911, 2, 5, 0, 0, 0.01%, 0, 0, 3, 3512.23, 502021, 7, 0, 0
143, 938, 4, 5, 0, 0, 0.01%, 0, 0, 3, 3056.63, 517130, 7, 0, 0
148, 967, 0, 5, 0, 0, 0.01%, 0, 0, 3, 2949.50, 532590, 7, 0, 0
153, 996, 3, 5, 0, 0, 0.01%, 0, 0, 3, 3178.66, 548844, 7, 0, 0
158, 1031, 3, 5, 0, 0, 0.01%, 0, 0, 3, 2807.49, 568180, 7, 0, 0
163, 1062, 4, 5, 0, 0, 0.01%, 0, 0, 3, 3182.74, 585294, 7, 0, 0
169, 1093, 4, 5, 0, 0, 0.01%, 0, 0, 3, 3272.41, 602380, 7, 0, 0
174, 1125, 3, 5, 0, 0, 0.01%, 0, 0, 3, 3350.90, 619863, 7, 0, 0
179, 1156, 3, 5, 0, 0, 0.01%, 0, 0, 3, 3409.39, 636848, 7, 0, 0
184, 1189, 2, 5, 0, 0, 0.01%, 0, 0, 3, 3438.81, 654917, 7, 0, 0
189, 1220, 4, 5, 0, 0, 0.01%, 0, 0, 3, 3450.85, 672230, 7, 0, 0
188, 1221, 0, 5, 0, 0, 0.01%, 0, 0, 3, 0.00, 672300, 7, 0, 0
193, 1251, 3, 5, 0, 0, 0.01%, 0, 0, 3, 3408.31, 689167, 7, 0, 0
199, 1284, 3, 5, 0, 0, 0.01%, 0, 0, 3, 3512.07, 707321, 7, 0, 0
204, 1317, 2, 5, 0, 0, 0.01%, 0, 0, 3, 3485.05, 725250, 7, 0, 0
209, 1348, 3, 5, 0, 0, 0.01%, 0, 0, 3, 3452.12, 742519, 7, 0, 0
214, 1381, 0, 5, 0, 0, 0.01%, 0, 0, 3, 3427.59, 760299, 7, 0, 0
219, 1414, 0, 5, 0, 0, 0.01%, 0, 0, 3, 3474.68, 778381, 7, 0, 0
224, 1451, 3, 5, 0, 0, 0.01%, 0, 0, 3, 3481.60, 799100, 7, 0, 0
229, 1482, 4, 5, 0, 0, 0.01%, 0, 0, 3, 3445.72, 816330, 7, 0, 0
234, 1514, 3, 5, 0, 0, 0.01%, 0, 0, 3, 3445.72, 833749, 7, 0, 0
239, 1546, 2, 5, 0, 0, 0.01%, 0, 0, 3, 3465.63, 851280, 7, 0, 0
244, 1578, 3, 5, 0, 0, 0.01%, 0, 0, 3, 3449.07, 869030, 7, 0, 0
249, 1608, 2, 5, 0, 0, 0.01%, 0, 0, 3, 3266.74, 885361, 7, 0, 0
255, 1642, 4, 5, 0, 0, 0.01%, 0, 0, 3, 3191.10, 904330, 7, 0, 0
260, 1674, 2, 5, 0, 0, 0.01%, 0, 0, 3, 3332.52, 921680, 7, 0, 0
265, 1706, 1, 5, 0, 0, 0.01%, 0, 0, 3, 3443.44, 939124, 7, 0, 0
270, 1739, 2, 5, 0, 0, 0.01%, 0, 0, 3, 3475.08, 957350, 7, 0, 0
283, 1742, 0, 5, 0, 0, 0.01%, 0, 0, 3, 0.39, 958855, 7, 0, 0
283, 1745, 3, 5, 0, 0, 0.01%, 0, 0, 3, 0.00, 960837, 7, 0, 0
288, 1777, 0, 5, 0, 0, 0.01%, 0, 0, 3, 3483.29, 978100, 7, 0, 0
293, 1810, 1, 5, 0, 0, 0.01%, 0, 0, 3, 3566.02, 996327, 7, 0, 0
296, 1832, 1, 5, 0, 0, 0.01%, 0, 0, 3, 3554.35, 1008324, 7, 0, 0
